0.12447575744777349
0.1206660720754245
0.07649647371356526
0.042124381009796596
0.02228106708653217
0.018513299834842904
0.007947109576515806
0.0037446062340122706
0.0024716234564721475
0.0011764682459082204
0.00027965788675017816
0.00010236444348611713
4.1821945551526674e-07
4.1821945551526674e-07
4.1821945551526674e-07
4.1821945551526674e-07
4.1821945551526674e-07
4.1821945551526674e-07
4.1821945551526674e-07
4.1821945551526674e-07
4.1821945551526674e-07
4.1821945551526674e-07
2.9719053644181457e-06
2.6937980440649776e-05
3.2582108786105586e-05
2.2618135368530962e-05
5.603473276198844e-05
7.443646904807915e-05
2.2618135368530962e-05
4.1821945551526674e-07
4.1821945551526674e-07
4.1821945551526674e-07
4.1821945551526674e-07
4.1821945551526674e-07
4.1821945551526674e-07
4.1821945551526674e-07
2.2618135368530962e-05
4.717351414020623e-06
2.1564498780108763e-05
2.3148859973065797e-05
4.796123798652165e-05
2.9719053644181457e-06
4.1821945551526674e-07
4.1821945551526674e-07
4.1821945551526674e-07
4.1821945551526674e-07
4.1821945551526674e-07
4.1821945551526674e-07
4.1821945551526674e-07
4.1821945551526674e-07
4.1821945551526674e-07
4.1821945551526674e-07
4.1821945551526674e-07
4.1821945551526674e-07
4.1821945551526674e-07
4.1821945551526674e-07
4.1821945551526674e-07
4.1821945551526674e-07
4.1821945551526674e-07
4.1821945551526674e-07
4.1821945551526674e-07
4.1821945551526674e-07
4.1821945551526674e-07
4.1821945551526674e-07
4.1821945551526674e-07
0.000501332553446879
0.006104316665286051
0.516343027659092
0.6554175426694392
0.7320711829672946
0.728386383050238
0.7542440709988982
0.7584396643078006
0.7008269483727967
0.7488205622906844
0.7117035052988606
0.7039380581221547
0.5338259736451197
0.7744142007079651
0.8065435469000835
0.822746952633088
0.8496743134804953
0.9284520585270648
0.9675198607669182
0.9435860130346589
0.8256454756824718
0.40095590966027317
0.010193953020259513
0.00040149286469402443
3.973024358103057e-05
4.1821945551526674e-07
4.1821945551526674e-07
4.1821945551526674e-07
4.1821945551526674e-07
2.2618135368530962e-05
4.1821945551526674e-07
4.1821945551526674e-07
4.1821945551526674e-07
4.1821945551526674e-07
4.1821945551526674e-07
4.1821945551526674e-07
4.1821945551526674e-07
4.1821945551526674e-07
4.1821945551526674e-07
4.1821945551526674e-07
4.1821945551526674e-07
8.314352761504461e-06
0.01673044751631096
0.09601783581103378
0.3241911952381654
0.7375794986001378
0.7851443540857492
0.6675055805098127
0.6161243113355238
0.6616088662282864
0.5820122434212857
0.24019515152037277
0.13036938936171458
0.3457930018102408
0.42344290432120657
0.5194169124305168
0.6281598105724311
0.6961565136636
0.7194453226817796
0.7782056029605575
0.8062680777346174
0.7286938097119595
0.6899247805216377
0.021831749936743177
0.0005377417627940676
0.00010236444348611713
1.3016494535658117e-05
7.210951080430608e-05
4.1821945551526674e-07
4.1821945551526674e-07
4.1821945551526674e-07
4.1821945551526674e-07
4.1821945551526674e-07
4.1821945551526674e-07
4.1821945551526674e-07
4.1821945551526674e-07
4.1821945551526674e-07
4.1821945551526674e-07
4.1821945551526674e-07
4.1821945551526674e-07
4.1821945551526674e-07
4.1821945551526674e-07
4.1821945551526674e-07
4.1821945551526674e-07
4.1821945551526674e-07
4.1821945551526674e-07
4.1821945551526674e-07
4.1821945551526674e-07
4.1821945551526674e-07
4.1821945551526674e-07
4.1821945551526674e-07
4.1821945551526674e-07
4.1821945551526674e-07
4.1821945551526674e-07
4.1821945551526674e-07
4.1821945551526674e-07
4.1821945551526674e-07
4.1821945551526674e-07
4.1821945551526674e-07
4.1821945551526674e-07
4.1821945551526674e-07
4.1821945551526674e-07
4.1821945551526674e-07
4.1821945551526674e-07
4.1821945551526674e-07
4.1821945551526674e-07
4.1821945551526674e-07
4.1821945551526674e-07
4.1821945551526674e-07
1.1581268460831754e-05
0.00011365817210826585
8.658688627788707e-05
8.912336769799859e-05
6.0494664229690885e-06
4.1821945551526674e-07
4.1821945551526674e-07
4.1821945551526674e-07
