0.09918848513626485
0.09785719347262575
0.054425636588934415
0.028899088551242375
0.018385199409071146
0.010270065200613158
0.010658245831802428
0.007080514254129722
0.004844888211290228
0.003547584511888152
0.001274659386318895
0.0013356890636777683
0.0013735177227402026
0.00019794574759606317
0.00022350420217859162
0.00028666357850053626
0.00023555983274114556
0.0002744863654395842
0.00016579612833594138
0.0002577482003649342
0.0004393293094757356
0.00039694916673886784
0.0001459749809415802
0.0002104603129225877
9.083464954458178e-05
0.00019931074202002955
8.243940034545232e-05
6.459107050735467e-05
0.00010793100595410505
9.518494464757733e-05
0.00014709785078284246
3.3161891666773284e-05
3.730079673663818e-05
0.00011269231009596723
6.606593459121625e-05
0.00016579612833594138
0.00021331249449299235
0.0002610352081605856
0.0002104603129225877
0.00020904403731025734
5.883189825385341e-05
0.00012458945008389163
0.00012054859646342047
0.00011855659456442669
1.4473219984252543e-05
0.00024647675643422865
0.00016338180356205767
0.0005552547571079081
0.0007889091340046143
0.00042007616762730306
0.0005493662218883016
0.00038355789034384675
0.00056418408999548
0.00010145200098041932
5.9539684819780406e-05
0.00019794574759606317
0.00014043886450120028
0.00031409303892000344
0.0001952345951331162
0.0002370980828777443
0.00034750414317488595
0.0002577482003649342
0.00014263775514800113
5.603473276198844e-05
0.00014485735688594262
0.00021909616434388082
0.00047210165104128615
0.000792877225945585
0.00056418408999548
0.000501332553446879
0.00037917298689933097
0.0002020597020269302
0.00033343708727926277
0.00039694916673886784
0.0005263180957454422
0.0006773891920780051
0.0009755925812878291
0.000792877225945585
0.001233397655981201
0.001111172985349564
0.0016134590444200152
0.0015343718000682802
0.002139571173391089
0.0018311858600213399
0.0018895084707577679
0.001292707629431915
0.0015698878756208125
0.0017192872896510238
0.0024396521470343145
0.001680810427726234
0.0009567708552478629
0.0004467264304891549
0.00037917298689933097
0.0005793271690282299
0.0005406289277940763
0.00044921396623693265
0.0007276595825308322
0.0008089188057303779
0.00032559494650050407
0.00034750414317488595
0.00017442543432576272
0.00015049816406288805
0.00018594054607975617
0.0002937973125004936
0.0003374112910335575
0.00036413001603403515
0.00046181736468723316
0.0008129718320947321
0.00037699513950966535
3.085970681754776e-05
4.1821945551526674e-07
4.1821945551526674e-07
4.861621874534112e-05
0.005398931694367903
0.3719679139783894
0.6743471509949535
0.7822630313362426
0.8737634977700175
0.9396807745835368
0.9565107861936588
0.9539537464554095
0.9958533501385163
1.0
1.0
1.0
1.0
1.0
1.0
1.0
1.0
1.0
1.0
1.0
1.0
1.0
0.23126295860644094
0.00019121455620946083
4.1821945551526674e-07
4.1821945551526674e-07
4.1821945551526674e-07
0.0021871852132458844
0.002216202584700787
0.0011434169565823187
0.001132580157870841
0.0017985774832454263
0.0008129718320947321
0.0006235139684343123
0.0004932201971600888
0.000656750541082985
0.0005979373486675574
0.0002956010048399243
0.0002779262205489508
0.00024175527353689227
0.0001459749809415802
0.00024019577330216922
0.00013396466984619265
0.00010420238076200091
6.385895442358655e-05
0.00014263775514800113
0.00014709785078284246
9.784529217673233e-05
7.134128251298491e-05
0.00010145200098041932
1.4963624729961743e-05
3.4330008688587323e-05
0.00010793100595410505
0.00030659595969815087
0.0003434398430102302
0.00020068205114377293
0.0002992329380035534
0.00029021430607381046
0.0004393293094757356
0.000680880909922902
0.0006010862946793585
0.0003217264255398145
0.0004542220473359817
0.00031980517575135476
0.00047210165104128615
0.0002779262205489508
0.0003662503572543451
0.0003495499855054227
0.00035160500637010464
0.0004442498386152374
0.00035991763634296624
0.0002528734961339983
0.00034750414317488595
0.00041070214547882347
0.0006704505116466833
0.0006138190518854449
0.00056418408999548
0.0004932201971600888
0.00036201912199936194
0.0009708576355963556
0.0015627274584292538
0.0008008640424062941
0.0007654509217765763
0.00044921396623693265
0.0006704505116466833
0.00033541973076333656
0.0006010862946793585
0.0005793271690282299
0.0008048828978411115
0.00047731198571059345
0.0009110714127946506
0.0008170420431812172
0.0010191072348358014
0.0009803473280432622
0.0008715491555106396
0.00031789255186428415
0.0006739124121509291
0.0005523040883263442
0.00032365633711590086
0.00035782552040111097
0.00010699220717677692
2.5409593341837125e-06
4.1821945551526674e-07
0.0002744863654395842
0.0019669037948331796
0.0023255449252111257
0.0034023842833373064
0.0028004430481458832
0.0003394118050657009
0.0004368852841053776
0.00025938796284476434
3.3161891666773284e-05
5.1939255681021757e-05
4.1821945551526674e-07
4.1821945551526674e-07
4.1821945551526674e-07
4.1821945551526674e-07
4.1821945551526674e-07
4.1821945551526674e-07
4.1821945551526674e-07
2.5409593341837125e-06
4.1821945551526674e-07
2.104156285420814e-05
4.1821945551526674e-07
4.1821945551526674e-07
4.1821945551526674e-07
4.1821945551526674e-07
4.1821945551526674e-07
4.1821945551526674e-07
4.1821945551526674e-07
4.1821945551526674e-07
4.1821945551526674e-07
4.1821945551526674e-07
4.1821945551526674e-07
4.1821945551526674e-07
4.1821945551526674e-07
4.1821945551526674e-07
4.1821945551526674e-07
4.1821945551526674e-07
4.1821945551526674e-07
4.1821945551526674e-07
4.1821945551526674e-07
4.1821945551526674e-07
4.1821945551526674e-07
4.1821945551526674e-07
4.1821945551526674e-07
4.1821945551526674e-07
4.1821945551526674e-07
4.1821945551526674e-07
4.1821945551526674e-07
4.1821945551526674e-07
4.1821945551526674e-07
4.1821945551526674e-07
4.1821945551526674e-07
4.1821945551526674e-07
4.1821945551526674e-07
4.1821945551526674e-07
4.1821945551526674e-07
4.1821945551526674e-07
4.1821945551526674e-07
4.1821945551526674e-07
4.1821945551526674e-07
4.1821945551526674e-07
4.1821945551526674e-07
4.1821945551526674e-07
0.00014485735688594262
0.00023555983274114556
0.00018333994436650383
0.00012458945008389163
4.1821945551526674e-07
4.1821945551526674e-07
4.1821945551526674e-07
4.1821945551526674e-07
4.1821945551526674e-07
4.1821945551526674e-07
4.1821945551526674e-07
4.1821945551526674e-07
4.1821945551526674e-07
4.1821945551526674e-07
4.1821945551526674e-07
4.1821945551526674e-07
4.1821945551526674e-07
0.00019254837936965512
0.5320779038006618
0.7470058320399404
0.8928142348899266
0.9408726961066189
0.975596510782659
0.9787079021531576
0.9612943608054626
0.8821645675690728
0.9529656786847176
1.0
1.0
1.0
1.0
1.0
1.0
1.0
1.0
1.0
1.0
1.0
1.0
0.05156118605990294
0.0026713994826009653
0.0004959124833426329
4.1821945551526674e-07
0.0001393471296450617
0.000441784146321633
0.0010490355495979438
0.0006843876243851368
0.00028843492427793436
0.00037917298689933097
0.00018463723327818477
0.00016338180356205767
0.00019794574759606317
0.00013826050530950476
0.00012663863619487018
0.00035782552040111097
0.0001586201415237477
5.2613592031081934e-05
6.0965559969700685e-05
3.730079673663818e-05
7.999812108526679e-05
7.443646904807915e-05
2.860223332022215e-05
6.168367960567218e-05
7.210951080430608e-05
2.104156285420814e-05
2.6388658180851257e-05
5.883189825385341e-05
8.742834526053635e-05
1.6949692108200303e-05
4.1821945551526674e-07
1.398523749888997e-05
4.601528854671915e-05
2.860223332022215e-05
7.600650273037106e-05
7.759167615548442e-05
0.0004224457305175551
0.0004393293094757356
0.0004393293094757356
0.00015510675328657192
0.0004878708852915705
0.0004037798870148761
0.000687909394369356
0.0004986165862316802
0.00047210165104128615
0.0003103276022935584
0.00035160500637010464
0.0004643715029189002
0.000504060432779641
0.0005123160239849931
0.00046693689962801937
0.0007501410637825599
0.0009021591095687292
0.001210345160578955
0.0012275990476002978
0.0007849578326866455
0.0006704505116466833
0.0005611947065115004
0.0005377417627940676
0.00056418408999548
0.0006333351213711274
0.00047731198571059345
0.0010240436120892652
0.0007463541357962739
0.0005320050305573733
0.0006235139684343123
0.00030106124730696775
0.0003159885181265808
0.000653362167384441
0.0004442498386152374
0.0005435286923250356
0.0007129883302216486
0.0007968621736310426
0.000646628961050359
0.0007057461532181393
0.0004296176395219437
0.0004542220473359817
0.0006914462789859401
0.0010240436120892652
0.0006432840144544302
0.000573230496605312
0.0005291553633535824
0.000742583296686175
0.0005291553633535824
0.000653362167384441
0.0005068002721936703
0.00029741286861591893
0.00039694916673886784
0.00012458945008389163
0.0002076342680384362
0.00011077424712389733
0.0001598022438133534
0.0002279733441721462
0.0002528734961339983
7.919212530911115e-05
3.85095889862212e-05
8.162174125383187e-05
0.00012255949279482532
3.670081527016355e-05
6.0965559969700685e-05
8.080798729546087e-05
8.491598333998565e-05
0.00010699220717677692
0.0002528734961339983
0.0003992159717088013
0.0004878708852915705
0.0006170367566425887
0.0007388284839669272
0.0007693192390129263
0.0008672494103550535
0.0006432840144544302
0.0007463541357962739
0.0007693192390129263
0.000680880909922902
0.0007239682548237936
0.0008933213240646586
0.0007849578326866455
0.0008418279273899678
0.0008587040512945132
0.000504060432779641
0.0006499883264002561
0.0007732040245997502
0.0011271951863774507
0.0005979373486675574
0.0005234931781946105
0.0002264767926584861
0.0004542220473359817
0.000520680561339854
0.0006399534299313105
0.0006985656295900247
0.0004296176395219437
0.0002264767926584861
0.0005854769191362672
0.0006366371509984116
0.0003683801846117332
0.00023402860621486534
0.00020483413783674347
0.00018463723327818477
4.1821945551526674e-07
4.1821945551526674e-07
0.005420496772491044
0.07372633993558249
0.5963665530971558
0.9897501767660171
1.0
1.0
0.9897501767660171
0.9547111804564359
0.9778716970910599
1.0
1.0
1.0
1.0
1.0
1.0
1.0
1.0
1.0
1.0
1.0
1.0
0.7250006062041003
0.034422803865495066
0.00014374495584751581
4.1821945551526674e-07
4.1821945551526674e-07
4.1821945551526674e-07
4.1821945551526674e-07
4.1821945551526674e-07
4.1821945551526674e-07
4.1821945551526674e-07
4.1821945551526674e-07
4.1821945551526674e-07
4.1821945551526674e-07
4.1821945551526674e-07
4.1821945551526674e-07
4.1821945551526674e-07
4.1821945551526674e-07
4.1821945551526674e-07
4.1821945551526674e-07
4.1821945551526674e-07
4.1821945551526674e-07
4.1821945551526674e-07
4.1821945551526674e-07
4.1821945551526674e-07
4.1821945551526674e-07
7.521960187700902e-05
2.112159305155292e-06
2.6937980440649776e-05
3.085970681754776e-05
0.00014485735688594262
0.00010887426571354678
0.00014153573219890015
1.398523749888997e-05
9.083464954458178e-05
0.00013503107354289674
0.00028490023520555223
0.00029741286861591893
0.00012155167244851496
0.00019794574759606317
0.0003217264255398145
9.343237658118814e-05
8.408650382495522e-05
0.00012663863619487018
5.672895762444332e-05
9.700563668069177e-06
0.00016701174896730338
0.0003394118050657009
0.0003748269751917197
0.0005464411068189754
0.000702148214832408
3.85095889862212e-05
8.491598333998565e-05
1.1107585893406713e-05
4.1821945551526674e-07
4.1821945551526674e-07
4.1821945551526674e-07
4.1821945551526674e-07
4.1821945551526674e-07
4.1821945551526674e-07
4.1821945551526674e-07
4.1821945551526674e-07
4.1821945551526674e-07
4.1821945551526674e-07
4.1821945551526674e-07
4.1821945551526674e-07
4.1821945551526674e-07
4.1821945551526674e-07
4.1821945551526674e-07
4.1821945551526674e-07
4.1821945551526674e-07
4.1821945551526674e-07
3.911842671788757e-05
0.00010328123033177369
0.00012458945008389163
8.574943824308297e-05
8.243940034545232e-05
4.601528854671915e-05
9.430657331474499e-05
4.0345053192032316e-05
4.1821945551526674e-07
5.1939255681021757e-05
0.00010420238076200091
0.00010512791409933538
0.00030659595969815087
0.000573230496605312
0.0004905396802356355
0.00031409303892000344
0.00012054859646342047
0.00011756762735174486
0.0002956010048399243
0.0001621830508161896
4.927438898930533e-05
9.606750913543733e-05
0.00035991763634296624
0.00031789255186428415
0.00010512791409933538
0.0002779262205489508
4.993576321616549e-05
4.1821945551526674e-07
7.856857206639839e-06
4.1821945551526674e-07
4.1821945551526674e-07
4.1821945551526674e-07
4.1821945551526674e-07
4.1821945551526674e-07
4.1821945551526674e-07
4.1821945551526674e-07
4.1821945551526674e-07
4.1821945551526674e-07
4.1821945551526674e-07
4.1821945551526674e-07
4.1821945551526674e-07
4.1821945551526674e-07
4.1821945551526674e-07
4.1821945551526674e-07
4.1821945551526674e-07
4.1821945551526674e-07
4.1821945551526674e-07
4.1821945551526674e-07
4.1821945551526674e-07
3.5509614705562055e-05
1.9488141962042586e-05
4.1821945551526674e-07
0.00015510675328657192
6.168367960567218e-05
0.00012663863619487018
