0.150503276858392
0.11008472927716256
0.18714642956897165
0.14643915787577286
0.08893999553406191
0.062178972430809304
0.03610980286144945
0.019298472913786672
0.009784221380973745
0.006810980738864267
0.002216202584700787
0.0019494667108922695
0.0006074251700725178
0.00041536839553868796
0.00018856534715428416
5.1939255681021757e-05
1.7452377923443016e-05
4.1821945551526674e-07
4.1821945551526674e-07
4.1821945551526674e-07
4.1821945551526674e-07
4.1821945551526674e-07
4.1821945551526674e-07
4.1821945551526674e-07
4.1821945551526674e-07
4.1821945551526674e-07
4.1821945551526674e-07
4.1821945551526674e-07
4.1821945551526674e-07
4.1821945551526674e-07
4.1821945551526674e-07
4.1821945551526674e-07
4.1821945551526674e-07
4.1821945551526674e-07
4.1821945551526674e-07
4.1821945551526674e-07
4.1821945551526674e-07
4.1821945551526674e-07
4.1821945551526674e-07
4.1821945551526674e-07
4.1821945551526674e-07
4.1821945551526674e-07
4.1821945551526674e-07
4.1821945551526674e-07
4.1821945551526674e-07
4.1821945551526674e-07
4.1821945551526674e-07
4.1821945551526674e-07
4.1821945551526674e-07
4.1821945551526674e-07
4.1821945551526674e-07
4.1821945551526674e-07
4.1821945551526674e-07
4.1821945551526674e-07
4.1821945551526674e-07
4.1821945551526674e-07
4.1821945551526674e-07
4.1821945551526674e-07
4.1821945551526674e-07
4.1821945551526674e-07
4.1821945551526674e-07
4.1821945551526674e-07
4.1821945551526674e-07
4.1821945551526674e-07
4.1821945551526674e-07
4.1821945551526674e-07
4.666078723463647e-05
0.0010591784802942783
0.0008933213240646586
0.0007732040245997502
0.002935010507847686
0.013809266722141444
0.015535452220317676
0.03165910589550484
0.06291083866415542
0.07124362470995574
0.05329612264539307
0.04083184380133856
0.05250149889951639
0.04057744486491351
0.04972323973285836
0.05218646417540742
0.11362504696008084
0.0846198527922431
0.14753891762627494
0.18190047605559825
0.09217112247027538
0.03599516728023185
0.014313525991548993
0.02146338538147972
0.022738436177827115
0.023837609436773113
0.011431811604343287
0.008479042038826165
0.009894489186043224
0.011989374694640025
0.01147387012962292
0.010193953020259513
0.007445112471145236
0.0014926850057415204
0.0011218323890546786
0.0003294984034547105
0.0004878708852915705
0.0007202926443020933
0.0031277941456224197
0.021757638346000314
0.019499268564331425
0.04278364048992635
0.011059391397450765
0.0033881602320936896
0.016038060850808607
0.02696817277108253
0.015154181334180505
0.004943481619378195
0.00673192570027706
0.00803876194796727
0.005104963926303597
0.0074164837438903996
0.00411724749795121
0.0008008640424062941
0.0002264767926584861
5.329120576535909e-05
0.00020068205114377293
0.0001276704928846307
0.001292707629431915
0.0036373366435647186
0.007916766324608868
0.01537102762897005
0.06420895112350482
0.0896772848003365
0.12004028294141447
0.10299453041210604
0.12447575744777349
0.12383423369028093
0.11848716253505445
0.0562413465574844
0.05967336010360442
0.025234322991113153
0.011815305553728974
0.011264940791642497
0.004431625730112061
0.0033458059853846097
2.6937980440649776e-05
4.1821945551526674e-07
4.1821945551526674e-07
4.1821945551526674e-07
4.1821945551526674e-07
4.1821945551526674e-07
4.1821945551526674e-07
4.1821945551526674e-07
4.1821945551526674e-07
4.1821945551526674e-07
4.1821945551526674e-07
4.1821945551526674e-07
4.1821945551526674e-07
4.1821945551526674e-07
4.1821945551526674e-07
2.209001896969392e-05
5.603214164861691e-06
4.1821945551526674e-07
4.1821945551526674e-07
0.0001297488399264648
0.0001682330409901979
4.1821945551526674e-07
3.911842671788757e-05
6.532672524703607e-05
0.00010420238076200091
6.0965559969700685e-05
0.0001769429578319006
0.0009245808409419406
0.0019756739685359934
0.0007093595048953729
0.0012450663710943638
0.0016356406669186584
0.0014254107963574383
0.00031409303892000344
0.0004224457305175551
0.0003879820059015201
0.000520680561339854
0.0010745514519462358
0.001132580157870841
0.0011653603247968223
0.006323963880706841
0.006274552822020435
0.005776163963384573
0.0032080161995344646
0.006225486693596904
0.011100233133311236
0.021757638346000314
0.032071402175517634
0.011516065742239236
0.00971131745255508
0.005463857926285648
0.007947109576515806
0.0029600870909300995
0.000792877225945585
0.0003879820059015201
0.0008418279273899678
0.0001609898722544984
0.000441784146321633
0.00028490023520555223
0.00010793100595410505
9.874054821997341e-05
0.00056418408999548
6.981586320836901e-05
5.0600355984208145e-05
4.1821945551526674e-07
4.1821945551526674e-07
4.1821945551526674e-07
4.1821945551526674e-07
4.1821945551526674e-07
4.1821945551526674e-07
4.1821945551526674e-07
4.1821945551526674e-07
4.096286922450232e-05
0.0009336819500010559
0.003547584511888152
0.034977440811555016
0.03165910589550484
0.05640891117356635
0.0931843915163479
0.21025215858395066
0.22919742765196333
0.3335242268132237
0.3690760163464839
0.432980081164155
0.3888895140536376
0.38814339925041885
0.4758712733618237
0.5210874077952291
0.5727471597987253
0.5923110616032797
0.6182187908832718
0.6363676772276341
0.6486302188534251
0.6721689691043493
0.7138739184997092
0.7058035184068743
0.6336249069317348
0.5089361864185763
0.25601322505583635
0.06804177442404906
0.008873375890370551
0.012299466594851465
0.004596717078610385
0.0004799343621142991
4.1821945551526674e-07
4.1821945551526674e-07
4.1821945551526674e-07
4.1821945551526674e-07
4.1821945551526674e-07
4.1821945551526674e-07
4.1821945551526674e-07
4.1821945551526674e-07
4.1821945551526674e-07
4.1821945551526674e-07
4.1821945551526674e-07
4.1821945551526674e-07
4.1821945551526674e-07
4.1821945551526674e-07
4.1821945551526674e-07
4.1821945551526674e-07
4.1821945551526674e-07
4.1821945551526674e-07
4.1821945551526674e-07
4.1821945551526674e-07
4.1821945551526674e-07
4.1821945551526674e-07
4.1821945551526674e-07
4.1821945551526674e-07
4.1821945551526674e-07
4.1821945551526674e-07
4.1821945551526674e-07
4.1821945551526674e-07
4.1821945551526674e-07
4.1821945551526674e-07
4.1821945551526674e-07
4.1821945551526674e-07
4.1821945551526674e-07
4.1821945551526674e-07
4.1821945551526674e-07
4.1821945551526674e-07
4.1821945551526674e-07
4.1821945551526674e-07
4.1821945551526674e-07
4.1821945551526674e-07
4.1821945551526674e-07
4.1821945551526674e-07
4.1821945551526674e-07
4.1821945551526674e-07
4.1821945551526674e-07
4.1821945551526674e-07
4.1821945551526674e-07
4.1821945551526674e-07
4.1821945551526674e-07
4.1821945551526674e-07
4.1821945551526674e-07
4.1821945551526674e-07
4.1821945551526674e-07
4.1821945551526674e-07
4.1821945551526674e-07
4.1821945551526674e-07
4.1821945551526674e-07
4.1821945551526674e-07
4.1821945551526674e-07
4.1821945551526674e-07
4.1821945551526674e-07
4.1821945551526674e-07
4.1821945551526674e-07
4.1821945551526674e-07
4.1821945551526674e-07
4.1821945551526674e-07
4.1821945551526674e-07
4.1821945551526674e-07
4.1821945551526674e-07
4.1821945551526674e-07
4.1821945551526674e-07
4.1821945551526674e-07
4.1821945551526674e-07
4.1821945551526674e-07
4.1821945551526674e-07
4.1821945551526674e-07
4.1821945551526674e-07
