0.12447575744777349
0.1206660720754245
0.0843849919228068
0.04942237643437523
0.022130405841100265
0.012077257962951185
0.007736864654712764
0.003760158882337147
0.0014519947175024475
0.0009708576355963556
0.0004442498386152374
0.000504060432779641
0.0001769429578319006
7.057673880861431e-05
0.00014043886450120028
7.134128251298491e-05
4.473367325742414e-05
9.874054821997341e-05
0.00015510675328657192
0.0002676996508035356
0.00010236444348611713
0.00012663863619487018
3.491836899647325e-05
0.0002062309774104609
0.00012870722034053693
6.313036111282722e-05
5.465632490595088e-05
7.759167615548442e-05
4.473367325742414e-05
7.759167615548442e-05
3.491836899647325e-05
3.0291178746524636e-05
4.1821945551526674e-07
1.4473219984252543e-05
4.1821945551526674e-07
4.1821945551526674e-07
4.1821945551526674e-07
4.1821945551526674e-07
4.1821945551526674e-07
4.1821945551526674e-07
4.1821945551526674e-07
2.3682204830817788e-05
4.1821945551526674e-07
4.1821945551526674e-07
4.1821945551526674e-07
4.1821945551526674e-07
4.1821945551526674e-07
4.1821945551526674e-07
4.1821945551526674e-07
4.1821945551526674e-07
4.1821945551526674e-07
4.1821945551526674e-07
4.1821945551526674e-07
4.1821945551526674e-07
4.1821945551526674e-07
1.2057306770526347e-05
0.0001329032663872059
0.00038136055718638814
0.0009661424158774787
0.0006985656295900247
0.001513402474356145
0.0017985774832454263
0.0010290005552960541
0.002216202584700787
0.0011933023417513887
0.0007239682548237936
0.0002920017575511931
4.1821945551526674e-07
4.1821945551526674e-07
4.1821945551526674e-07
4.1821945551526674e-07
4.1821945551526674e-07
4.1821945551526674e-07
4.1821945551526674e-07
4.1821945551526674e-07
4.1821945551526674e-07
4.1821945551526674e-07
4.1821945551526674e-07
4.1821945551526674e-07
4.1821945551526674e-07
4.1821945551526674e-07
4.1821945551526674e-07
4.1821945551526674e-07
4.1821945551526674e-07
4.1821945551526674e-07
4.1821945551526674e-07
4.1821945551526674e-07
4.1821945551526674e-07
4.1821945551526674e-07
4.1821945551526674e-07
4.1821945551526674e-07
4.1821945551526674e-07
4.1821945551526674e-07
4.1821945551526674e-07
4.1821945551526674e-07
4.1821945551526674e-07
4.1821945551526674e-07
4.1821945551526674e-07
4.1821945551526674e-07
4.1821945551526674e-07
4.1821945551526674e-07
4.1821945551526674e-07
4.1821945551526674e-07
6.459107050735467e-05
5.883189825385341e-05
4.1821945551526674e-07
4.1821945551526674e-07
0.0004037798870148761
4.1821945551526674e-07
4.1821945551526674e-07
4.1821945551526674e-07
4.1821945551526674e-07
4.1821945551526674e-07
0.0002264767926584861
0.003181073922080564
0.005043863982886897
0.0036524908640808737
0.007560615088049959
0.0036524908640808737
0.0031543336871801427
0.002648514499756252
0.0015203641295567913
0.0035034543972150773
0.0032215635279405626
0.0028244929282907755
0.0028244929282907755
0.002206492409109143
0.0020380404246511537
0.0012627495225946493
0.0008418279273899678
0.0003748269751917197
0.00014709785078284246
4.1821945551526674e-07
4.1821945551526674e-07
4.1821945551526674e-07
4.1821945551526674e-07
4.1821945551526674e-07
4.1821945551526674e-07
4.1821945551526674e-07
4.1821945551526674e-07
4.1821945551526674e-07
4.1821945551526674e-07
4.1821945551526674e-07
4.1821945551526674e-07
4.1821945551526674e-07
4.1821945551526674e-07
4.1821945551526674e-07
4.1821945551526674e-07
4.1821945551526674e-07
4.1821945551526674e-07
4.1821945551526674e-07
4.1821945551526674e-07
4.1821945551526674e-07
4.1821945551526674e-07
4.1821945551526674e-07
4.1821945551526674e-07
4.1821945551526674e-07
4.1821945551526674e-07
4.1821945551526674e-07
4.1821945551526674e-07
4.1821945551526674e-07
4.1821945551526674e-07
4.1821945551526674e-07
4.1821945551526674e-07
4.1821945551526674e-07
4.1821945551526674e-07
4.1821945551526674e-07
4.1821945551526674e-07
4.1821945551526674e-07
4.1821945551526674e-07
4.1821945551526674e-07
4.1821945551526674e-07
4.1821945551526674e-07
4.1821945551526674e-07
4.1821945551526674e-07
4.1821945551526674e-07
4.1821945551526674e-07
4.1821945551526674e-07
4.1821945551526674e-07
4.1821945551526674e-07
4.1821945551526674e-07
4.1821945551526674e-07
4.1821945551526674e-07
4.1821945551526674e-07
4.1821945551526674e-07
4.1821945551526674e-07
4.1821945551526674e-07
5.126818191248138e-05
7.365708741880272e-05
0.00016338180356205767
0.00013826050530950476
6.02509002271068e-05
2.5409593341837125e-06
8.162174125383187e-05
3.3161891666773284e-05
4.537292195379592e-05
0.00010793100595410505
0.00014822598926857454
0.00010699220717677692
0.00020904403731025734
0.0002076342680384362
0.0002104603129225877
0.00019658704091714873
0.000169460028946329
0.00011756762735174486
0.00020344372183440834
0.00021764026301633705
0.00020068205114377293
0.0001297488399264648
0.00018856534715428416
0.00020904403731025734
0.00020068205114377293
0.00031220607875965677
0.0003314633237433007
0.00020483413783674347
0.0004517124903135617
0.0009336819500010559
0.09523820693305564
0.18582424952483045
0.5486928759138969
0.7194453226817796
0.8984770658238532
0.9135870056334299
0.9366928865605144
0.9163133975707423
0.8832160935333085
0.856395715895559
0.874202865829024
0.9052303900037237
0.9509410255596471
0.9868946081966674
0.9914481062717828
0.9934054126355418
0.9934054126355418
0.9958533501385163
0.9914481062717828
0.9914481062717828
0.9685828834150256
0.8928142348899266
0.0033458059853846097
5.603214164861691e-06
4.1821945551526674e-07
4.1821945551526674e-07
4.1821945551526674e-07
4.1821945551526674e-07
4.1821945551526674e-07
4.1821945551526674e-07
4.1821945551526674e-07
2.3148859973065797e-05
4.1821945551526674e-07
4.1821945551526674e-07
4.1821945551526674e-07
2.3682204830817788e-05
4.277720311343643e-06
4.1821945551526674e-07
4.1821945551526674e-07
4.1821945551526674e-07
4.1821945551526674e-07
4.1821945551526674e-07
4.1821945551526674e-07
4.1821945551526674e-07
4.1821945551526674e-07
4.1821945551526674e-07
4.1821945551526674e-07
4.1821945551526674e-07
4.1821945551526674e-07
4.1821945551526674e-07
4.1821945551526674e-07
4.1821945551526674e-07
4.1821945551526674e-07
4.1821945551526674e-07
4.1821945551526674e-07
4.1821945551526674e-07
4.1821945551526674e-07
4.1821945551526674e-07
4.1821945551526674e-07
4.1821945551526674e-07
4.1821945551526674e-07
4.1821945551526674e-07
4.1821945551526674e-07
4.1821945551526674e-07
4.1821945551526674e-07
4.1821945551526674e-07
4.1821945551526674e-07
4.1821945551526674e-07
4.1821945551526674e-07
4.1821945551526674e-07
4.1821945551526674e-07
4.1821945551526674e-07
4.1821945551526674e-07
4.1821945551526674e-07
4.1821945551526674e-07
4.1821945551526674e-07
4.1821945551526674e-07
4.717351414020623e-06
6.497946417084116e-06
1.0636248147226564e-05
2.6937980440649776e-05
0.0002264767926584861
7.365708741880272e-05
0.0001297488399264648
0.0001329032663872059
7.443646904807915e-05
4.1821945551526674e-07
2.4756803752592095e-05
4.1821945551526674e-07
4.1821945551526674e-07
4.1821945551526674e-07
9.236195326068331e-06
4.1821945551526674e-07
2.104156285420814e-05
3.405007458945186e-06
4.1821945551526674e-07
4.1821945551526674e-07
4.1821945551526674e-07
4.1821945551526674e-07
4.1821945551526674e-07
4.1821945551526674e-07
4.1821945551526674e-07
4.1821945551526674e-07
4.1821945551526674e-07
4.1821945551526674e-07
4.1821945551526674e-07
