0.19568735916628419
0.23701410088097932
0.19844497794967433
0.18103719961415113
0.11542920766518083
0.10299453041210604
0.10271880315703721
0.07226951542029098
0.054425636588934415
0.047504131448877544
0.03259328024527616
0.03135289363471317
0.01963414716980537
0.01832144137297184
0.021906081942161357
0.018967839075865807
0.016381035309930944
0.01732738162050999
0.013417223648895289
0.013563071837964664
0.008674214876091497
0.006971579998873319
0.0038071636018825513
0.004504333871982043
0.006032629573023421
0.00411724749795121
0.003331793286544015
0.004185332782034755
0.00395134340634344
0.004864465130458931
0.004690789790075773
0.005595806755307587
0.004359968156507519
0.005662842484725026
0.004289347737468241
0.00411724749795121
0.005166724347530129
0.005442138769660085
0.006499649523826324
0.009894489186043224
0.012479831415865695
0.013417223648895289
0.012847597102270892
0.009894489186043224
0.011018682986653315
0.010193953020259513
0.010005859629393689
0.009179748763494987
0.01160086975294004
0.009566956223823407
0.010423804897532682
0.011858611636997734
0.009931489686731021
0.005640417972605003
0.014416305945675022
0.020112680087123653
0.010618850353611162
0.002614514157748714
0.0010849067501271328
0.0012275990476002978
0.015757094583891015
0.011389889786547116
0.008351108304631753
0.013710319066817507
0.014676110372052551
0.012941023125802267
0.013958870893501247
0.01673044751631096
0.012847597102270892
0.013368916535361201
0.020530946857447573
0.04495272174900167
0.05776461785512663
0.07393643202787101
0.09972510528871267
0.12192547284298613
0.18407244791157454
0.10327085691878096
0.059322430348954555
0.06309492755534901
0.10777428879354368
0.0839168775216435
0.17804042614089774
0.09217112247027538
0.14827568099012375
0.1257667514553736
0.1052219945534455
0.090171584592378
0.07414702021756162
0.03739163095966828
0.031150175845483633
0.024982791734738385
0.004559562564015016
0.0038387909604015277
0.006576267476927634
0.004983418304291585
0.0048059454493185735
0.0031676786338159586
0.0017985774832454263
0.0002577482003649342
0.0003946924086154945
0.0005377417627940676
0.0010642815810283405
0.00045927443949872877
0.0006042488837659213
0.0020652981691893623
0.0011764682459082204
0.0017985774832454263
0.014886918747152625
0.01943213422131634
0.020742919937412153
0.029184481206652655
0.0220554093539661
0.022892702239990213
0.021831749936743177
0.022892702239990213
0.012801108195745188
0.030648327269031144
0.023047880477860005
0.00963889665079164
0.007707237859848668
0.0034023842833373064
0.0028244929282907755
0.002648514499756252
0.0036524908640808737
0.002947525028008703
0.0028731454489136637
0.0026944603340796295
0.0032351618764110716
0.0045410861370690616
0.007246763033860225
0.0074164837438903996
0.021172616167729967
0.023203975309233977
0.020251265811924598
0.01114120856684657
0.016208749618005978
0.00735952054840028
0.00735952054840028
0.01877185195873121
0.01147387012962292
0.007677712210201276
0.007387953200404283
0.0033598712590469067
0.0013608055211462968
0.0011218323890546786
0.0010141913458926821
0.0019235674219907199
0.0023871828582324056
0.0008089188057303779
0.0004695136004138804
0.0006773891920780051
0.0012450663710943638
0.0020380404246511537
0.002158505336723018
0.001216072887755613
0.0011488689510933416
0.0010849067501271328
0.001814817020973844
0.001111172985349564
0.000520680561339854
0.0011543434543623379
0.001598818683788899
0.00042007616762730306
0.0005611947065115004
0.0008376532040222524
0.001881077477405105
0.0035624044533169585
0.0040501535367717945
0.004100381572728196
0.005891506475369236
0.005003494549262657
0.01598151731797469
0.0220554093539661
0.02046071159730233
0.015757094583891015
0.029376095551451764
0.02198063490126284
0.015316561255320767
0.028616115740352797
0.034977440811555016
0.022892702239990213
0.05793599179359102
0.04764941040072106
0.05032962285880264
0.03798706300380993
0.04095955363117223
0.0472147014568574
0.04957261469511989
0.06629403977542427
0.03969769189287934
0.03553974589661935
0.02297017706119158
0.019837997526513457
0.015425664615029063
0.010005859629393689
0.00803876194796727
0.010737426081278957
0.009318908238402939
0.009249095771938252
0.010697770952808825
0.011858611636997734
0.01537102762897005
0.019566606044130994
0.014571697081184254
0.015316561255320767
0.012987961055934827
0.012708576566612919
0.013320763203584628
0.010618850353611162
0.007766592894819055
0.005961695148107732
0.005529480766246566
0.007589739142927908
0.0058451249422135435
0.002418542702172075
0.020672050504395138
0.11542920766518083
0.21121903466187533
0.29234194178990813
0.35274026946698905
0.4337809723220762
0.4665870872716372
0.5071203697700757
0.4078496020643841
0.4541089380191392
0.39338605285304257
0.3583657645279762
0.3228728127706396
0.3597815494276669
0.4607377583564829
0.5225277418387417
0.6290686858217224
0.6787063516876186
0.7542440709988982
0.9123753426943657
0.9600414390463623
0.9470581066857491
0.7578415615194106
0.05984947739913444
0.010817127823167447
0.0014453083636109644
0.0006267735858813675
0.0007276595825308322
0.00041771707015121607
0.0005435286923250356
0.0008252342856446661
0.0020290255764019187
0.006474287828245006
0.006705756555640919
0.005961695148107732
0.006176763392152942
0.007916766324608868
0.008256288872701979
0.0062499767732257265
0.008069521298525523
0.008069521298525523
0.006449014494575834
0.005356031336687949
0.007274807028869528
0.008740155310127342
0.009008400111535898
0.006758185928357597
0.006784537515717246
0.006032629573023421
0.0075315906888705
0.008873375890370551
0.01190205826278302
0.013368916535361201
0.011306454758031572
0.011516065742239236
0.010346681540593875
0.008740155310127342
0.017146366241970037
0.014781183092834504
0.011729113466902747
0.006810980738864267
0.0074738396751538125
0.005507528682627394
0.0031676786338159586
0.0021680280144728147
0.0031676786338159586
0.005891506475369236
0.007053139316229207
0.009675046833120564
0.011858611636997734
0.014364834843522212
0.015425664615029063
0.012754768152018781
0.014313525991548993
0.013417223648895289
0.010043229771674803
0.009318908238402939
0.00699867247156005
0.01147387012962292
0.013129679416108243
0.0075315906888705
0.005914820262988942
0.0064238292543240235
0.004467847636055881
0.005377443295494474
0.006008901477572134
0.0055736195587775235
0.004767282638598045
0.006627792874132964
0.006225486693596904
0.005799069782198611
0.0062499767732257265
0.005776163963384573
0.0042197512019429475
0.004786579161053152
0.004168217820359609
0.002848726644358124
0.0013171182131978692
0.002947525028008703
0.004395666463988848
0.003416661613122926
0.002648514499756252
0.0034598150478597866
0.003023616194844175
0.0038387909604015277
0.004413613372356693
0.004413613372356693
