0.13856965305490837
0.13682852593937775
0.16846152225588032
0.12970379971415305
0.10578490527838154
0.06552938067292287
0.06496073160893169
0.026790255092968573
0.015535452220317676
0.013082288792016523
0.005064157628781635
0.0032351618764110716
0.002130159428541079
0.0007057461532181393
4.730943227540553e-05
4.2207575535716617e-05
4.1821945551526674e-07
5.15917927094416e-06
4.1821945551526674e-07
4.1821945551526674e-07
4.1821945551526674e-07
4.1821945551526674e-07
4.1821945551526674e-07
4.1821945551526674e-07
4.1821945551526674e-07
4.1821945551526674e-07
4.1821945551526674e-07
4.1821945551526674e-07
4.1821945551526674e-07
4.1821945551526674e-07
4.1821945551526674e-07
4.1821945551526674e-07
4.1821945551526674e-07
4.1821945551526674e-07
4.1821945551526674e-07
4.1821945551526674e-07
4.1821945551526674e-07
4.1821945551526674e-07
4.1821945551526674e-07
4.1821945551526674e-07
4.1821945551526674e-07
4.1821945551526674e-07
4.1821945551526674e-07
4.1821945551526674e-07
4.1821945551526674e-07
4.1821945551526674e-07
4.1821945551526674e-07
4.1821945551526674e-07
4.1821945551526674e-07
4.1821945551526674e-07
4.1821945551526674e-07
4.1821945551526674e-07
4.1821945551526674e-07
4.1821945551526674e-07
4.1821945551526674e-07
4.1821945551526674e-07
4.1821945551526674e-07
4.1821945551526674e-07
4.1821945551526674e-07
4.1821945551526674e-07
4.1821945551526674e-07
4.1821945551526674e-07
4.1821945551526674e-07
4.1821945551526674e-07
4.1821945551526674e-07
4.1821945551526674e-07
4.1821945551526674e-07
4.1821945551526674e-07
4.1821945551526674e-07
4.1821945551526674e-07
4.1821945551526674e-07
4.1821945551526674e-07
4.1821945551526674e-07
4.1821945551526674e-07
4.1821945551526674e-07
4.1821945551526674e-07
4.1821945551526674e-07
4.1821945551526674e-07
4.1821945551526674e-07
8.314352761504461e-06
8.912336769799859e-05
4.993576321616549e-05
0.00013826050530950476
0.00015394651779406768
0.00027965788675017816
0.0004467264304891549
0.0003662503572543451
0.00022350420217859162
0.00036201912199936194
0.0001872499086963001
7.521960187700902e-05
5.465632490595088e-05
3.491836899647325e-05
0.00011077424712389733
7.600650273037106e-05
7.521960187700902e-05
0.00012155167244851496
0.00023555983274114556
0.0001393471296450617
0.00010328123033177369
1.846523262218758e-05
5.1939255681021757e-05
6.459107050735467e-05
0.00010236444348611713
4.158370540949312e-05
8.326098202658756e-05
6.240527475761141e-05
2.5842029542925826e-05
9.606750913543733e-05
6.606593459121625e-05
0.00038136055718638814
0.0023255449252111257
0.003902750673720224
0.0036829685662954485
0.020956804970967465
0.02506639203283998
0.05640891117356635
0.14717161383246244
0.2054675440654024
0.13305889832618406
0.10026408071839778
0.2007653686572796
0.28867442817538336
0.461570572671273
0.7076679468265452
0.800723224479818
0.8695438167383053
0.900573074220433
0.9260070345464448
0.9327356921145817
0.918979980646142
0.9086712483953849
0.8516120336516206
0.7959583123202729
0.7366631132440882
0.5035322859705476
0.10606727212672692
0.0203906866834103
0.01147387012962292
0.000792877225945585
0.00024332191727649788
1.4473219984252543e-05
4.1821945551526674e-07
4.1821945551526674e-07
4.1821945551526674e-07
4.283449344976104e-05
1.4963624729961743e-05
2.529808216878381e-05
3.790371682666185e-05
7.521960187700902e-05
0.00010328123033177369
0.00024806501272491634
0.0002744863654395842
0.00030659595969815087
0.0005582182793898238
0.000653362167384441
0.0008672494103550535
0.0009336819500010559
0.0013356890636777683
0.0008048828978411115
0.00046181736468723316
0.0002831448609834668
0.00032559494650050407
0.0001459749809415802
7.600650273037106e-05
0.0001731754152823745
0.00024019577330216922
0.00025126335178731157
0.00014822598926857454
1.2057306770526347e-05
2.3148859973065797e-05
4.277720311343643e-06
4.1821945551526674e-07
4.1821945551526674e-07
4.1821945551526674e-07
4.1821945551526674e-07
4.1821945551526674e-07
4.1821945551526674e-07
4.1821945551526674e-07
4.1821945551526674e-07
4.1821945551526674e-07
4.1821945551526674e-07
4.1821945551526674e-07
4.1821945551526674e-07
4.1821945551526674e-07
4.1821945551526674e-07
4.1821945551526674e-07
4.1821945551526674e-07
4.1821945551526674e-07
4.283449344976104e-05
5.1939255681021757e-05
2.9162454700535683e-05
0.0001276704928846307
0.0001769429578319006
6.313036111282722e-05
0.00011756762735174486
4.409752831835428e-05
0.00011462861460091798
5.397211174822401e-05
9.343237658118814e-05
8.326098202658756e-05
0.00027965788675017816
8.658688627788707e-05
0.00023402860621486534
0.00022202810530335486
0.0002660221573319983
0.00025126335178731157
0.0001562724199942784
1.016724434801614e-05
4.1821945551526674e-07
4.1821945551526674e-07
4.1821945551526674e-07
4.1821945551526674e-07
4.1821945551526674e-07
4.1821945551526674e-07
0.00024019577330216922
0.0001276704928846307
0.001984478726186092
0.0014995630139813336
0.0008460203056030955
0.0008629677320329522
0.0018559835865508225
0.003822948066157415
0.002376810169798905
0.0015484926346175038
0.002729384005579416
0.004690789790075773
0.00960286656196985
0.01916561806684785
0.019566606044130994
0.013465684959557477
0.011100233133311236
0.010817127823167447
0.05202954688671009
0.11542920766518083
0.15657160059122827
0.10189520820621391
0.08298705405220122
0.09472132607955966
0.02506639203283998
0.014313525991548993
0.01763280755621427
0.018967839075865807
0.009931489686731021
0.009495493432057115
0.016438820903522364
0.008382929555224556
0.004903831163202014
0.007916766324608868
0.027327086752614912
0.04481446375357197
0.06942751888143006
0.08772221699797365
0.04481446375357197
0.05345625992423569
0.05491585836409232
0.05458863213990674
0.11302872050465382
0.0981222828557601
0.09759268682697918
0.044401859634240363
0.0220554093539661
0.0248994341230122
0.0811528365528932
0.08002351097088767
0.0806995400585143
0.10162186926242499
0.1260911604875891
0.11725628597147116
0.11633987042479693
0.08869533843721654
0.01857764321303204
0.01678931583788784
0.011729113466902747
0.01537102762897005
0.017206519135391566
0.013224916228032662
0.009931489686731021
0.0021871852132458844
0.001054096496307939
0.0007615990090987066
0.0005948019917762669
0.0002264767926584861
0.0003536692437214269
6.830505072691506e-05
2.209001896969392e-05
4.1821945551526674e-07
4.1821945551526674e-07
4.1821945551526674e-07
4.1821945551526674e-07
4.1821945551526674e-07
4.1821945551526674e-07
4.1821945551526674e-07
3.085970681754776e-05
0.00012255949279482532
0.001274659386318895
0.012987961055934827
0.010423804897532682
0.018385199409071146
0.029665558304877913
0.025150235592824657
0.020530946857447573
0.02391786408130519
0.013710319066817507
0.021906081942161357
0.027057515543233202
0.037747921873843696
0.18582424952483045
0.5002215507142687
0.563118317943613
0.7479136141159902
0.8010020507388362
0.8620202467295861
0.861556414401264
0.8068188447579041
0.6974023305267065
0.6134392314424266
0.06127417981181182
0.022661643836065233
0.004306906337175893
0.0009947311293911074
0.00028843492427793436
0.00010328123033177369
4.1821945551526674e-07
4.1821945551526674e-07
4.1821945551526674e-07
4.1821945551526674e-07
4.1821945551526674e-07
4.1821945551526674e-07
4.1821945551526674e-07
4.1821945551526674e-07
4.1821945551526674e-07
4.1821945551526674e-07
4.1821945551526674e-07
4.1821945551526674e-07
4.1821945551526674e-07
4.1821945551526674e-07
4.1821945551526674e-07
4.1821945551526674e-07
4.1821945551526674e-07
4.1821945551526674e-07
4.1821945551526674e-07
4.1821945551526674e-07
4.1821945551526674e-07
4.1821945551526674e-07
4.1821945551526674e-07
4.1821945551526674e-07
4.1821945551526674e-07
9.236195326068331e-06
4.1821945551526674e-07
4.1821945551526674e-07
3.2582108786105586e-05
4.346447305630869e-05
5.329120576535909e-05
2.529808216878381e-05
8.408650382495522e-05
3.670081527016355e-05
6.313036111282722e-05
1.2535711790445848e-05
6.981586320836901e-05
0.00012458945008389163
9.606750913543733e-05
1.2609572153005154e-06
3.840275724441357e-06
4.1821945551526674e-07
4.1821945551526674e-07
4.1821945551526674e-07
4.1821945551526674e-07
4.1821945551526674e-07
4.1821945551526674e-07
4.1821945551526674e-07
4.1821945551526674e-07
4.1821945551526674e-07
4.1821945551526674e-07
4.1821945551526674e-07
4.1821945551526674e-07
4.1821945551526674e-07
4.1821945551526674e-07
4.1821945551526674e-07
4.1821945551526674e-07
4.1821945551526674e-07
4.1821945551526674e-07
4.1821945551526674e-07
4.1821945551526674e-07
4.1821945551526674e-07
4.1821945551526674e-07
4.1821945551526674e-07
4.1821945551526674e-07
4.1821945551526674e-07
4.1821945551526674e-07
4.1821945551526674e-07
4.1821945551526674e-07
4.1821945551526674e-07
4.1821945551526674e-07
4.1821945551526674e-07
4.1821945551526674e-07
4.1821945551526674e-07
4.1821945551526674e-07
4.1821945551526674e-07
4.1821945551526674e-07
4.1821945551526674e-07
4.1821945551526674e-07
4.1821945551526674e-07
4.1821945551526674e-07
4.1821945551526674e-07
4.1821945551526674e-07
5.9539684819780406e-05
7.288144023329351e-05
5.534386022694787e-05
7.057673880861431e-05
1.846523262218758e-05
4.1821945551526674e-07
4.1821945551526674e-07
4.1821945551526674e-07
4.1821945551526674e-07
1.9488141962042586e-05
4.158370540949312e-05
7.999812108526679e-05
1.398523749888997e-05
3.085970681754776e-05
0.0001307953730917737
0.0003294984034547105
0.00027965788675017816
0.00022202810530335486
0.0001952345951331162
0.0002279733441721462
0.00017442543432576272
0.00014263775514800113
0.00024019577330216922
0.0004695136004138804
0.0004986165862316802
0.0007057461532181393
0.0004932201971600888
0.0003159885181265808
0.00028666357850053626
0.000702148214832408
0.0005979373486675574
0.000573230496605312
0.0008293564506535819
0.001054096496307939
0.000942859596226299
0.0008802031245002676
0.00041070214547882347
0.0007129883302216486
0.00040838448570574925
0.0005150920331559348
0.000504060432779641
0.000308457574302207
0.00029021430607381046
0.00041070214547882347
0.0005435286923250356
0.0005123160239849931
0.00039694916673886784
0.0004695136004138804
0.000663571115945747
0.00010793100595410505
9.96400723984018e-05
0.006525099850476593
0.034643743803926354
0.15087707526546196
0.4809828483643445
0.5550373494490402
0.5834310414859587
0.5949150518271675
0.5447837665937462
0.5365934115577616
0.5388761065406471
0.5677688943666256
0.5865657772438115
0.591733940873769
0.6260423030605339
0.6644004386910949
0.6808870372880894
0.6777719668912789
0.6656420916398372
0.6227241541351823
0.5814458037102564
0.48698859191861654
0.08002351097088767
0.011264940791642497
0.0014453083636109644
8.243940034545232e-05
2.749000873286707e-05
4.1821945551526674e-07
4.1821945551526674e-07
4.1821945551526674e-07
4.1821945551526674e-07
4.1821945551526674e-07
4.1821945551526674e-07
4.1821945551526674e-07
4.1821945551526674e-07
4.1821945551526674e-07
4.1821945551526674e-07
4.1821945551526674e-07
8.314352761504461e-06
8.774128586905785e-06
4.1821945551526674e-07
2.112159305155292e-06
1.1581268460831754e-05
1.2609572153005154e-06
4.1821945551526674e-07
4.1821945551526674e-07
4.1821945551526674e-07
2.6937980440649776e-05
4.1821945551526674e-07
4.1821945551526674e-07
4.1821945551526674e-07
4.1821945551526674e-07
4.1821945551526674e-07
4.1821945551526674e-07
4.1821945551526674e-07
4.1821945551526674e-07
4.1821945551526674e-07
4.1821945551526674e-07
4.1821945551526674e-07
4.1821945551526674e-07
4.1821945551526674e-07
4.1821945551526674e-07
4.1821945551526674e-07
4.1821945551526674e-07
4.1821945551526674e-07
4.1821945551526674e-07
4.1821945551526674e-07
4.1821945551526674e-07
4.1821945551526674e-07
4.1821945551526674e-07
4.1821945551526674e-07
4.1821945551526674e-07
4.1821945551526674e-07
4.1821945551526674e-07
4.1821945551526674e-07
4.1821945551526674e-07
4.1821945551526674e-07
4.1821945551526674e-07
4.1821945551526674e-07
4.1821945551526674e-07
4.1821945551526674e-07
4.1821945551526674e-07
4.1821945551526674e-07
3.0291178746524636e-05
2.3148859973065797e-05
2.9725432284022987e-05
0.00019931074202002955
0.0002544909982708175
0.00031409303892000344
0.0002727781110895458
0.0001586201415237477
6.459107050735467e-05
8.243940034545232e-05
0.00010512791409933538
0.00013184684137160913
5.7426549990513285e-05
7.521960187700902e-05
6.240527475761141e-05
4.861621874534112e-05
3.790371682666185e-05
1.846523262218758e-05
4.1821945551526674e-07
5.672895762444332e-05
3.0291178746524636e-05
6.948664563820461e-06
4.1821945551526674e-07
2.3148859973065797e-05
4.096286922450232e-05
4.1821945551526674e-07
4.1821945551526674e-07
4.1821945551526674e-07
4.1821945551526674e-07
4.1821945551526674e-07
4.1821945551526674e-07
4.1821945551526674e-07
3.3161891666773284e-05
4.1821945551526674e-07
4.1821945551526674e-07
4.1821945551526674e-07
4.1821945551526674e-07
4.1821945551526674e-07
4.1821945551526674e-07
4.1821945551526674e-07
4.1821945551526674e-07
4.1821945551526674e-07
4.1821945551526674e-07
4.1821945551526674e-07
4.1821945551526674e-07
4.1821945551526674e-07
4.1821945551526674e-07
4.1821945551526674e-07
4.1821945551526674e-07
4.1821945551526674e-07
4.1821945551526674e-07
4.1821945551526674e-07
4.1821945551526674e-07
4.1821945551526674e-07
4.1821945551526674e-07
4.1821945551526674e-07
4.1821945551526674e-07
4.1821945551526674e-07
4.1821945551526674e-07
4.1821945551526674e-07
4.1821945551526674e-07
4.1821945551526674e-07
4.1821945551526674e-07
4.1821945551526674e-07
4.1821945551526674e-07
