0.09918848513626485
0.09732876205031896
0.07499435078733242
0.04291654314455534
0.02235673293104294
0.01751007426031367
0.008773292504924713
0.006225486693596904
0.004033533439957808
0.0024502681563288702
0.0010339781423582028
0.000656750541082985
0.00035991763634296624
0.0004060770801437846
0.0002956010048399243
0.00012054859646342047
6.459107050735467e-05
6.313036111282722e-05
1.846523262218758e-05
1.398523749888997e-05
4.1821945551526674e-07
4.0345053192032316e-05
5.603473276198844e-05
4.796123798652165e-05
0.00024332191727649788
0.00017069273747401294
0.00019794574759606317
0.00024966053426639015
2.860223332022215e-05
7.919212530911115e-05
0.00014822598926857454
7.521960187700902e-05
0.00010982200617147932
8.658688627788707e-05
0.00012255949279482532
0.0001562724199942784
0.00021619103647832667
0.00014153573219890015
0.00022055876891740044
0.00033541973076333656
0.0008048828978411115
0.000504060432779641
0.0003314633237433007
0.00018076333501733033
0.00026268996787294355
0.0003028978309597897
0.00020904403731025734
0.0003454674415668823
0.0003394118050657009
0.0003454674415668823
0.000504060432779641
0.0004905396802356355
0.00031220607875965677
0.000308457574302207
0.00041536839553868796
0.0003726684542666927
0.0003662503572543451
0.000573230496605312
0.0003726684542666927
0.0002920017575511931
9.695428540951934e-05
4.1821945551526674e-07
4.1821945551526674e-07
4.1821945551526674e-07
0.00042721642352334753
0.007053139316229207
0.18146844485396196
0.7670619207426682
0.9093847928554919
0.9539537464554095
0.9795746562129952
1.0
1.0
1.0
1.0
1.0
1.0
1.0
1.0
1.0
1.0
1.0
1.0
1.0
1.0
0.5661217592824483
0.06706613035188248
0.0016208233344233265
4.1821945551526674e-07
9.343237658118814e-05
5.534386022694787e-05
0.00013184684137160913
0.0006843876243851368
0.000792877225945585
0.000694998337551608
0.0005234931781946105
0.0004959124833426329
0.00029741286861591893
0.0003374112910335575
0.0001952345951331162
0.00012663863619487018
0.0003374112910335575
0.0001459749809415802
1.1581268460831754e-05
4.1821945551526674e-07
4.1821945551526674e-07
0.0001609898722544984
0.2954233232190935
0.7092207737113814
0.9132419895875294
0.9958533501385163
1.0
1.0
1.0
1.0
1.0
1.0
1.0
1.0
1.0
1.0
1.0
1.0
1.0
1.0
1.0
1.0
1.0
0.01788054318588964
4.1821945551526674e-07
4.1821945551526674e-07
4.1821945551526674e-07
4.1821945551526674e-07
0.0006106152079360141
0.0015698878756208125
0.00023555983274114556
0.00014263775514800113
0.00019931074202002955
0.0001393471296450617
0.0005979373486675574
0.0011543434543623379
0.0011764682459082204
0.000985121951206015
0.001216072887755613
0.0018979728428437986
0.0009803473280432622
0.0007577634374066777
0.001111172985349564
0.0011379873867694828
0.0008587040512945132
0.0006235139684343123
0.000792877225945585
0.0008977309377083141
0.0006267735858813675
0.0003495499855054227
0.0003902088689886811
0.0007577634374066777
0.0001731754152823745
0.00010982200617147932
0.00013610249935865063
0.00010605784974451842
0.00013396466984619265
0.00013717896926209862
0.0001682330409901979
0.0001276704928846307
0.00021764026301633705
0.00012155167244851496
7.134128251298491e-05
8.326098202658756e-05
0.0001872499086963001
4.1821945551526674e-07
4.1821945551526674e-07
4.1821945551526674e-07
4.1821945551526674e-07
4.1821945551526674e-07
4.1821945551526674e-07
4.1821945551526674e-07
5.465632490595088e-05
1.0636248147226564e-05
0.00012561162899256146
9.784529217673233e-05
0.00013184684137160913
