0.13856965305490837
0.13613693336641128
0.20784950332812996
0.21218924113652352
0.16203625003979982
0.13305889832618406
0.08845123289783434
0.04578991570180256
0.02880449622916797
0.01769445710892179
0.006274552822020435
0.0020928783546389725
0.0007202926443020933
0.0007129883302216486
0.0006170367566425887
0.00019254837936965512
1.6449485304223922e-05
4.1821945551526674e-07
4.1821945551526674e-07
4.1821945551526674e-07
4.1821945551526674e-07
4.1821945551526674e-07
4.1821945551526674e-07
4.1821945551526674e-07
4.1821945551526674e-07
4.1821945551526674e-07
4.1821945551526674e-07
4.1821945551526674e-07
4.1821945551526674e-07
4.1821945551526674e-07
4.1821945551526674e-07
4.1821945551526674e-07
7.759167615548442e-05
3.3161891666773284e-05
4.537292195379592e-05
1.6449485304223922e-05
7.288144023329351e-05
4.1821945551526674e-07
4.1821945551526674e-07
4.1821945551526674e-07
4.1821945551526674e-07
4.1821945551526674e-07
4.1821945551526674e-07
4.1821945551526674e-07
4.1821945551526674e-07
4.1821945551526674e-07
4.1821945551526674e-07
4.1821945551526674e-07
4.1821945551526674e-07
4.1821945551526674e-07
4.1821945551526674e-07
4.1821945551526674e-07
4.1821945551526674e-07
4.1821945551526674e-07
4.1821945551526674e-07
4.1821945551526674e-07
4.1821945551526674e-07
4.1821945551526674e-07
4.1821945551526674e-07
4.1821945551526674e-07
4.1821945551526674e-07
4.1821945551526674e-07
4.1821945551526674e-07
7.288144023329351e-05
0.0024931440806811476
0.012033245279124131
0.03553974589661935
0.10720283637987595
0.22868318621939202
0.27199157643108623
0.20880807712453572
0.17050927347689032
0.1934116136574296
0.23282111752283846
0.4524611010896277
0.45163858909446425
0.5266508467905292
0.5434905293030022
0.6501704160803591
0.6855614081514205
0.6721689691043493
0.728386383050238
0.6974023305267065
0.634538435019739
0.5022018040032462
0.090171584592378
0.01702661477345925
0.002848726644358124
0.0006914462789859401
0.0006074251700725178
0.00048521376522037526
0.0008129718320947321
0.0001586201415237477
0.0001459749809415802
6.02509002271068e-05
4.1821945551526674e-07
4.1821945551526674e-07
4.1821945551526674e-07
4.1821945551526674e-07
4.1821945551526674e-07
4.1821945551526674e-07
4.1821945551526674e-07
4.1821945551526674e-07
4.1821945551526674e-07
4.1821945551526674e-07
6.680871455440406e-05
0.0010191072348358014
0.005463857926285648
0.01598151731797469
0.046071910802502974
0.1354481068050532
0.10327085691878096
0.05281813896994956
0.03692106635256641
0.17466231912933367
0.22919742765196333
0.2107351806607869
0.5182302565307652
0.6333205625258774
0.7089102743466256
0.796802555956788
0.8898073660881336
0.9209408284753793
0.9303957827625509
0.9358595590872592
0.9123753426943657
0.881953562977222
0.7587385540156943
0.16724202203314845
0.02796516340765478
0.004983418304291585
0.0011379873867694828
0.0003294984034547105
0.0001329032663872059
0.0002279733441721462
4.666078723463647e-05
4.1821945551526674e-07
4.1821945551526674e-07
4.1821945551526674e-07
4.1821945551526674e-07
1.2535711790445848e-05
1.3016494535658117e-05
4.1821945551526674e-07
4.1821945551526674e-07
4.1821945551526674e-07
4.1821945551526674e-07
4.1821945551526674e-07
4.1821945551526674e-07
2.529808216878381e-05
4.1821945551526674e-07
4.1821945551526674e-07
4.1821945551526674e-07
4.1821945551526674e-07
4.1821945551526674e-07
4.1821945551526674e-07
4.1821945551526674e-07
3.2582108786105586e-05
4.1821945551526674e-07
7.679718850208893e-05
0.00014263775514800113
0.00012561162899256146
0.0001756812734667991
0.0001731754152823745
0.00018463723327818477
0.0003857650264925249
0.0006985656295900247
0.00029021430607381046
0.000308457574302207
0.0003028978309597897
0.0006235139684343123
0.0002577482003649342
0.00012054859646342047
0.00010605784974451842
0.0001731754152823745
0.00019658704091714873
0.0004248258015285538
0.00040149286469402443
0.00033343708727926277
3.491836899647325e-05
4.283449344976104e-05
4.1821945551526674e-07
5.15917927094416e-06
