0.18670490817500612
0.16927833118476
0.09838795584497347
0.06591078458010997
0.04692677036170058
0.030648327269031144
0.025403231612849738
0.01520813855452309
0.007246763033860225
0.005914820262988942
0.0014188317780883927
0.0015064688030622597
0.0009291218647837759
0.0002937973125004936
0.00014822598926857454
5.9539684819780406e-05
0.00010236444348611713
0.0001516422465441735
0.0001329032663872059
0.00015049816406288805
0.0001598022438133534
3.730079673663818e-05
1.0636248147226564e-05
1.4963624729961743e-05
3.2582108786105586e-05
0.00011658332190212555
3.911842671788757e-05
3.3161891666773284e-05
4.1821945551526674e-07
1.5456462989396356e-05
4.1821945551526674e-07
4.1821945551526674e-07
4.1821945551526674e-07
4.1821945551526674e-07
4.1821945551526674e-07
4.1821945551526674e-07
4.1821945551526674e-07
4.1821945551526674e-07
4.1821945551526674e-07
4.1821945551526674e-07
4.1821945551526674e-07
4.1821945551526674e-07
4.1821945551526674e-07
4.1821945551526674e-07
4.1821945551526674e-07
4.1821945551526674e-07
4.1821945551526674e-07
4.1821945551526674e-07
4.1821945551526674e-07
4.1821945551526674e-07
4.1821945551526674e-07
4.1821945551526674e-07
4.1821945551526674e-07
4.1821945551526674e-07
4.1821945551526674e-07
4.1821945551526674e-07
4.1821945551526674e-07
4.1821945551526674e-07
4.1821945551526674e-07
4.1821945551526674e-07
4.1821945551526674e-07
4.1821945551526674e-07
4.1821945551526674e-07
4.1821945551526674e-07
4.861621874534112e-05
5.8127525099462624e-05
5.15917927094416e-06
4.158370540949312e-05
4.1821945551526674e-07
4.1821945551526674e-07
4.1821945551526674e-07
4.1821945551526674e-07
4.1821945551526674e-07
4.1821945551526674e-07
4.1821945551526674e-07
4.1821945551526674e-07
1.7452377923443016e-05
8.774128586905785e-06
2.5409593341837125e-06
4.1821945551526674e-07
4.1821945551526674e-07
4.1821945551526674e-07
4.1821945551526674e-07
4.1821945551526674e-07
4.1821945551526674e-07
4.0345053192032316e-05
4.346447305630869e-05
5.126818191248138e-05
2.1564498780108763e-05
4.1821945551526674e-07
4.1821945551526674e-07
4.1821945551526674e-07
4.1821945551526674e-07
2.6937980440649776e-05
4.0345053192032316e-05
5.397211174822401e-05
2.9725432284022987e-05
0.00011269231009596723
0.00012155167244851496
0.00012255949279482532
8.912336769799859e-05
3.85095889862212e-05
1.3016494535658117e-05
4.1821945551526674e-07
4.1821945551526674e-07
4.1821945551526674e-07
4.1821945551526674e-07
4.1821945551526674e-07
4.1821945551526674e-07
4.1821945551526674e-07
4.1821945551526674e-07
1.2609572153005154e-06
0.0015064688030622597
0.013759714330294692
0.13170870012998537
0.265630930356745
0.21413966679258947
0.029957485450742585
0.008100385441667206
0.0075315906888705
0.0009567708552478629
0.0030108139952775967
0.0012806509170751551
0.001216072887755613
0.008543660805613276
0.019099491802948912
0.06309492755534901
0.24773941210844164
0.6523291067007685
0.7533423765741762
0.6783948758089468
0.8040581963968456
0.8668363951208937
0.6668842880994013
0.5288586608886123
0.00971131745255508
0.16402338807576014
0.11243491270927818
0.11302872050465382
0.016496785785370463
0.005463857926285648
0.0025366858851971295
0.0005150920331559348
0.00028139742255089696
0.00038136055718638814
2.9162454700535683e-05
1.1581268460831754e-05
4.1821945551526674e-07
4.1821945551526674e-07
4.1821945551526674e-07
4.1821945551526674e-07
4.1821945551526674e-07
4.1821945551526674e-07
4.1821945551526674e-07
4.1821945551526674e-07
4.1821945551526674e-07
4.1821945551526674e-07
4.1821945551526674e-07
4.1821945551526674e-07
4.1821945551526674e-07
4.1821945551526674e-07
4.1821945551526674e-07
4.1821945551526674e-07
4.1821945551526674e-07
4.1821945551526674e-07
4.1821945551526674e-07
4.1821945551526674e-07
4.1821945551526674e-07
4.1821945551526674e-07
4.1821945551526674e-07
4.1821945551526674e-07
4.1821945551526674e-07
4.1821945551526674e-07
4.1821945551526674e-07
4.1821945551526674e-07
4.1821945551526674e-07
4.1821945551526674e-07
4.1821945551526674e-07
4.1821945551526674e-07
4.1821945551526674e-07
4.1821945551526674e-07
4.1821945551526674e-07
4.1821945551526674e-07
4.1821945551526674e-07
4.1821945551526674e-07
4.1821945551526674e-07
4.1821945551526674e-07
4.1821945551526674e-07
4.1821945551526674e-07
4.1821945551526674e-07
4.1821945551526674e-07
6.948664563820461e-06
6.0965559969700685e-05
0.00014263775514800113
9.695428540951934e-05
0.00010328123033177369
4.1821945551526674e-07
7.401631324762366e-06
9.700563668069177e-06
5.0600355984208145e-05
3.61037590376232e-05
0.00010054388364771395
5.603473276198844e-05
0.0001459749809415802
8.491598333998565e-05
0.00028490023520555223
0.0006366371509984116
0.0008170420431812172
0.0002577482003649342
0.0006399534299313105
0.0013481962197057977
0.001221824154191636
0.0008502304067433799
9.606750913543733e-05
4.1821945551526674e-07
0.0001562724199942784
0.00022350420217859162
0.0005123160239849931
0.0008460203056030955
0.0019494667108922695
0.0021775879297759155
0.0018895084707577679
0.004903831163202014
0.004449703747682222
0.0018559835865508225
0.001274659386318895
0.0011543434543623379
0.0020111017303024595
0.0025148311732406162
0.0010901166359383653
0.00023402860621486534
7.759167615548442e-05
0.0002118831226795302
0.0006670034322742025
0.004923620725750318
0.05125093034399201
0.0383482092669029
0.03104924215473336
0.022130405841100265
0.01678931583788784
0.01483396783378671
0.01943213422131634
0.007796422880902696
0.006679678219286961
0.012434522132893797
0.01763280755621427
0.00963889665079164
0.003474307268425031
0.0030883582006644853
0.007947109576515806
0.014467939730376066
0.02643747455727763
0.02582981086270475
0.04147381193776178
0.09759268682697918
0.1632262785350644
0.17009819447993466
0.2428699062077818
0.2375421100368338
0.17889273630872762
0.01744898955359957
0.02548805399370427
0.03015348096774408
0.018902311608009786
0.03176174869125489
0.06073662016501815
0.07456968825568903
0.08138027049126453
0.08298705405220122
0.07628037281838664
0.06163476383825993
0.0220554093539661
0.00735952054840028
0.0033039249150157097
0.0005671864815479923
0.0005611947065115004
0.00014374495584751581
3.085970681754776e-05
4.1821945551526674e-07
4.1821945551526674e-07
4.1821945551526674e-07
4.1821945551526674e-07
4.1821945551526674e-07
4.1821945551526674e-07
4.1821945551526674e-07
4.1821945551526674e-07
4.1821945551526674e-07
4.1821945551526674e-07
4.1821945551526674e-07
4.1821945551526674e-07
4.1821945551526674e-07
4.1821945551526674e-07
4.1821945551526674e-07
4.1821945551526674e-07
4.1821945551526674e-07
4.993576321616549e-05
0.1151269277679306
0.10299453041210604
0.137522891289835
0.04032440216913345
0.04927252419167071
0.022130405841100265
0.011431811604343287
0.0016282171729369635
0.0014587081515780988
0.001432016501392575
6.532672524703607e-05
0.00031220607875965677
0.005730594596212479
0.019906358344636478
0.35765928428553084
0.5805973097230419
0.7320711829672946
0.7905787088476839
0.8511288945521418
0.8606260776105696
0.8048881736661934
0.09654047025066978
0.05426305170264967
0.0158129384710541
0.0010191072348358014
0.000570201933059511
0.000501332553446879
0.00021764026301633705
0.0001562724199942784
9.169643306447382e-05
0.0002561158892805798
0.00028139742255089696
0.0002448957347829302
0.0002744863654395842
0.00036201912199936194
4.1821945551526674e-07
4.1821945551526674e-07
4.1821945551526674e-07
4.1821945551526674e-07
4.1821945551526674e-07
4.1821945551526674e-07
4.1821945551526674e-07
4.1821945551526674e-07
4.1821945551526674e-07
4.1821945551526674e-07
4.1821945551526674e-07
4.1821945551526674e-07
4.1821945551526674e-07
4.1821945551526674e-07
4.1821945551526674e-07
4.1821945551526674e-07
4.1821945551526674e-07
4.1821945551526674e-07
4.1821945551526674e-07
4.1821945551526674e-07
4.1821945551526674e-07
4.1821945551526674e-07
4.1821945551526674e-07
4.1821945551526674e-07
4.1821945551526674e-07
4.1821945551526674e-07
4.1821945551526674e-07
4.1821945551526674e-07
4.1821945551526674e-07
6.240527475761141e-05
0.00012458945008389163
0.0002577482003649342
0.0002992329380035534
0.00026268996787294355
0.0002992329380035534
0.00030659595969815087
0.0003394118050657009
0.00040149286469402443
0.0003047427235255585
0.00035782552040111097
0.00033541973076333656
0.00019931074202002955
0.00019254837936965512
9.169643306447382e-05
6.981586320836901e-05
2.6937980440649776e-05
6.497946417084116e-06
4.1821945551526674e-07
4.1821945551526674e-07
4.1821945551526674e-07
4.1821945551526674e-07
4.1821945551526674e-07
4.1821945551526674e-07
4.1821945551526674e-07
4.1821945551526674e-07
4.1821945551526674e-07
4.1821945551526674e-07
4.1821945551526674e-07
4.1821945551526674e-07
4.1821945551526674e-07
4.1821945551526674e-07
4.1821945551526674e-07
4.1821945551526674e-07
4.1821945551526674e-07
4.1821945551526674e-07
4.1821945551526674e-07
4.1821945551526674e-07
4.1821945551526674e-07
4.1821945551526674e-07
4.1821945551526674e-07
4.1821945551526674e-07
4.1821945551526674e-07
4.1821945551526674e-07
4.1821945551526674e-07
4.1821945551526674e-07
4.1821945551526674e-07
4.1821945551526674e-07
4.1821945551526674e-07
4.1821945551526674e-07
4.1821945551526674e-07
4.1821945551526674e-07
4.1821945551526674e-07
4.1821945551526674e-07
4.1821945551526674e-07
4.1821945551526674e-07
4.1821945551526674e-07
4.1821945551526674e-07
4.1821945551526674e-07
4.1821945551526674e-07
4.1821945551526674e-07
4.1821945551526674e-07
4.1821945551526674e-07
4.1821945551526674e-07
4.1821945551526674e-07
4.1821945551526674e-07
4.1821945551526674e-07
4.1821945551526674e-07
4.1821945551526674e-07
4.1821945551526674e-07
4.1821945551526674e-07
4.1821945551526674e-07
4.1821945551526674e-07
4.1821945551526674e-07
4.1821945551526674e-07
4.1821945551526674e-07
4.1821945551526674e-07
4.1821945551526674e-07
4.1821945551526674e-07
4.1821945551526674e-07
4.1821945551526674e-07
5.329120576535909e-05
3.670081527016355e-05
1.016724434801614e-05
4.1821945551526674e-07
2.860223332022215e-05
3.085970681754776e-05
3.840275724441357e-06
6.497946417084116e-06
2.3148859973065797e-05
1.7452377923443016e-05
3.3161891666773284e-05
4.1821945551526674e-07
6.532672524703607e-05
2.112159305155292e-06
4.1821945551526674e-07
4.1821945551526674e-07
0.027327086752614912
0.30925395572238007
0.6712358102651492
0.821421845072925
0.8054406456382694
0.7939828801853094
0.801559208865111
0.682444986381752
0.6980251474460604
0.701760522981344
0.761125734805961
0.8171500964549224
0.830079098757472
0.9135870056334299
0.9897501767660171
1.0
1.0
1.0
1.0
1.0
0.9897501767660171
0.6858730744400438
0.2073714585356371
0.0016505770507984992
0.0003879820059015201
1.398523749888997e-05
4.1821945551526674e-07
4.1821945551526674e-07
4.1821945551526674e-07
4.1821945551526674e-07
4.1821945551526674e-07
4.1821945551526674e-07
4.1821945551526674e-07
4.1821945551526674e-07
4.1821945551526674e-07
4.1821945551526674e-07
4.1821945551526674e-07
4.1821945551526674e-07
4.1821945551526674e-07
4.1821945551526674e-07
4.1821945551526674e-07
4.1821945551526674e-07
4.1821945551526674e-07
4.1821945551526674e-07
4.1821945551526674e-07
4.1821945551526674e-07
4.1821945551526674e-07
4.1821945551526674e-07
4.1821945551526674e-07
4.1821945551526674e-07
4.1821945551526674e-07
4.1821945551526674e-07
4.1821945551526674e-07
4.1821945551526674e-07
4.1821945551526674e-07
4.1821945551526674e-07
4.1821945551526674e-07
4.1821945551526674e-07
4.1821945551526674e-07
4.1821945551526674e-07
4.1821945551526674e-07
4.1821945551526674e-07
4.1821945551526674e-07
4.1821945551526674e-07
4.1821945551526674e-07
4.1821945551526674e-07
4.1821945551526674e-07
4.1821945551526674e-07
4.1821945551526674e-07
4.1821945551526674e-07
4.1821945551526674e-07
4.1821945551526674e-07
4.1821945551526674e-07
4.1821945551526674e-07
4.1821945551526674e-07
4.1821945551526674e-07
4.1821945551526674e-07
4.1821945551526674e-07
4.1821945551526674e-07
4.1821945551526674e-07
4.1821945551526674e-07
4.1821945551526674e-07
4.1821945551526674e-07
4.1821945551526674e-07
4.1821945551526674e-07
4.1821945551526674e-07
4.1821945551526674e-07
4.1821945551526674e-07
4.1821945551526674e-07
4.1821945551526674e-07
4.1821945551526674e-07
4.1821945551526674e-07
4.1821945551526674e-07
4.1821945551526674e-07
4.1821945551526674e-07
4.1821945551526674e-07
4.1821945551526674e-07
4.1821945551526674e-07
4.1821945551526674e-07
4.1821945551526674e-07
2.0003396264418724e-05
0.00015049816406288805
0.0001621830508161896
0.0002309871053579922
0.00011855659456442669
0.0001562724199942784
0.0001459749809415802
4.283449344976104e-05
4.1821945551526674e-07
4.2207575535716617e-05
7.600650273037106e-05
0.00011756762735174486
2.421818204057534e-05
8.314352761504461e-06
5.9539684819780406e-05
1.0636248147226564e-05
4.1821945551526674e-07
4.1821945551526674e-07
4.1821945551526674e-07
2.104156285420814e-05
0.00019388838349799424
7.999812108526679e-05
4.1821945551526674e-07
0.00015279169001597523
0.00012663863619487018
0.00020344372183440834
0.00016701174896730338
0.00012663863619487018
4.1821945551526674e-07
4.1821945551526674e-07
4.1821945551526674e-07
4.1821945551526674e-07
4.1821945551526674e-07
4.1821945551526674e-07
4.1821945551526674e-07
4.1821945551526674e-07
4.1821945551526674e-07
4.1821945551526674e-07
4.1821945551526674e-07
4.1821945551526674e-07
4.1821945551526674e-07
4.1821945551526674e-07
4.1821945551526674e-07
4.1821945551526674e-07
4.1821945551526674e-07
4.1821945551526674e-07
4.1821945551526674e-07
