0.13856965305490837
0.13579217475744196
0.2302284788505617
0.188920479583911
0.12383423369028093
0.0896772848003365
0.06922812893354012
0.03932568085771594
0.025658437795748404
0.018902311608009786
0.007246763033860225
0.006653690416724425
0.00311459921530487
0.00274111447497336
0.002482363031708758
0.0019933181903444203
0.0013544880551919598
0.0008715491555106396
0.0005582182793898238
0.0003662503572543451
0.00010605784974451842
8.080798729546087e-05
4.1821945551526674e-07
3.085970681754776e-05
4.1821945551526674e-07
4.1821945551526674e-07
4.1821945551526674e-07
4.1821945551526674e-07
4.1821945551526674e-07
4.1821945551526674e-07
4.1821945551526674e-07
4.1821945551526674e-07
4.1821945551526674e-07
4.1821945551526674e-07
4.1821945551526674e-07
4.1821945551526674e-07
4.1821945551526674e-07
4.1821945551526674e-07
4.1821945551526674e-07
4.1821945551526674e-07
4.1821945551526674e-07
4.1821945551526674e-07
4.1821945551526674e-07
4.1821945551526674e-07
4.1821945551526674e-07
4.1821945551526674e-07
4.1821945551526674e-07
4.1821945551526674e-07
4.1821945551526674e-07
4.1821945551526674e-07
4.1821945551526674e-07
4.1821945551526674e-07
4.1821945551526674e-07
4.1821945551526674e-07
4.1821945551526674e-07
4.1821945551526674e-07
4.1821945551526674e-07
4.1821945551526674e-07
4.1821945551526674e-07
0.0002249870883307202
0.0006704505116466833
0.0008845574880146694
0.0006235139684343123
0.0013356890636777683
0.002149019766305547
0.002002192483946326
0.002482363031708758
0.004864465130458931
0.0035034543972150773
0.002149019766305547
0.0040501535367717945
0.015757094583891015
0.01857764321303204
0.028616115740352797
0.0858022281736776
0.05329612264539307
0.04664033219173955
0.045509389763541346
0.037747921873843696
0.019298472913786672
0.016554930420863825
0.013177221757724856
0.014364834843522212
0.004690789790075773
0.005420496772491044
0.006653690416724425
0.007947109576515806
0.010005859629393689
0.0025148311732406162
0.002111445967228366
0.002998060147629564
0.002935010507847686
0.0009200588058659779
0.0004695136004138804
0.0005291553633535824
0.001187667900179414
0.0008334960676498367
0.0005263180957454422
0.00047731198571059345
0.0004442498386152374
0.0009291218647837759
0.001054096496307939
0.002525737504588861
0.0021871852132458844
0.0009066059107993605
0.0006914462789859401
0.0005178801959965072
0.0003946924086154945
0.00024966053426639015
0.0004037798870148761
0.00042721642352334753
0.00029741286861591893
0.0002762023910397479
0.00041536839553868796
0.010005859629393689
0.024982791734738385
0.024982791734738385
0.044676567891540106
0.03657148640819114
0.013035049475121997
0.012708576566612919
0.015100392939858032
0.020956804970967465
0.020672050504395138
0.010005859629393689
0.008131354686000633
0.00963889665079164
0.008740155310127342
0.009894489186043224
0.009424505548136067
0.008806541449961727
0.009820855380996639
0.007445112471145236
0.005776163963384573
0.00702585881647299
0.004083577404007167
0.004748055660677969
0.0019756739685359934
0.0013927806258988212
0.0006773891920780051
0.00035991763634296624
0.0005291553633535824
0.00010054388364771395
4.1821945551526674e-07
4.1821945551526674e-07
7.999812108526679e-05
0.0020928783546389725
0.0026944603340796295
0.0019494667108922695
0.000501332553446879
0.0002309871053579922
0.00025126335178731157
0.0009708576355963556
0.001274659386318895
0.0018394190568042593
0.0026944603340796295
0.0027176982604409645
0.005023643032686542
0.0042718531297889495
0.0026713994826009653
0.0008089188057303779
0.0015770771019588212
0.002910123454483429
0.001233397655981201
0.002255423560616552
0.001386333584095733
0.0017664826348046017
0.001984478726186092
0.002922543370001297
0.0040501535367717945
0.007080514254129722
0.005595806755307587
0.010978107529107326
0.010156085100450843
0.0071079839141605546
0.004254422308164316
0.006653690416724425
0.004671838789136497
0.0014858346772921081
0.001906470712529226
0.002305315415151376
0.0018726797442843869
0.00343099239861529
0.0048059454493185735
0.009179748763494987
0.009249095771938252
0.009179748763494987
0.008773292504924713
0.006525099850476593
0.004342216339337198
0.002648514499756252
0.0014858346772921081
0.0004959124833426329
0.0003683801846117332
0.00014153573219890015
0.0001562724199942784
0.00014822598926857454
0.00030659595969815087
0.0002118831226795302
0.0001562724199942784
0.00017193119130851287
0.00015049816406288805
0.00032365633711590086
0.00033343708727926277
0.0001493594193483699
0.00024647675643422865
0.00020904403731025734
6.981586320836901e-05
2.8044755520704956e-05
5.9539684819780406e-05
0.00010982200617147932
0.0001493594193483699
0.00010887426571354678
8.912336769799859e-05
0.00037699513950966535
0.004825381725251129
0.013661080510422365
0.03125139279338383
0.07083667066508714
0.09680265463042385
0.11603567812747291
0.20123189623198556
0.16203625003979982
0.16006784468454485
0.1442589432392516
0.1142238990145534
0.12641623544875102
0.1925069623479595
0.3348724499990006
0.4297859383104542
0.5696983708593989
0.6381997521071303
0.7723635002112195
0.7990468275684646
0.812288334564268
0.8311140838077814
0.7744142007079651
0.6958450241533007
0.6078009446085499
0.03409366777308265
0.008131354686000633
0.0014722166571623976
0.00022202810530335486
0.00035991763634296624
7.057673880861431e-05
3.840275724441357e-06
4.1821945551526674e-07
4.1821945551526674e-07
4.1821945551526674e-07
4.1821945551526674e-07
4.1821945551526674e-07
4.1821945551526674e-07
4.1821945551526674e-07
4.1821945551526674e-07
4.1821945551526674e-07
4.1821945551526674e-07
4.1821945551526674e-07
4.1821945551526674e-07
4.1821945551526674e-07
4.1821945551526674e-07
4.1821945551526674e-07
4.1821945551526674e-07
4.1821945551526674e-07
4.1821945551526674e-07
4.1821945551526674e-07
1.7452377923443016e-05
1.3499666068525922e-05
9.430657331474499e-05
6.830505072691506e-05
2.860223332022215e-05
1.5951746064151342e-05
2.3682204830817788e-05
1.2057306770526347e-05
0.0002577482003649342
8.574943824308297e-05
0.00012870722034053693
6.532672524703607e-05
0.00010328123033177369
4.1821945551526674e-07
4.1821945551526674e-07
4.1821945551526674e-07
4.1821945551526674e-07
1.016724434801614e-05
1.2057306770526347e-05
5.0600355984208145e-05
4.346447305630869e-05
0.00011756762735174486
4.993576321616549e-05
4.1821945551526674e-07
1.5951746064151342e-05
2.0003396264418724e-05
4.1821945551526674e-07
4.1821945551526674e-07
4.1821945551526674e-07
4.796123798652165e-05
5.603214164861691e-06
4.1821945551526674e-07
4.1821945551526674e-07
4.1821945551526674e-07
4.1821945551526674e-07
4.1821945551526674e-07
4.1821945551526674e-07
4.1821945551526674e-07
4.1821945551526674e-07
4.1821945551526674e-07
4.1821945551526674e-07
4.1821945551526674e-07
4.1821945551526674e-07
4.1821945551526674e-07
4.1821945551526674e-07
4.1821945551526674e-07
4.1821945551526674e-07
4.1821945551526674e-07
4.1821945551526674e-07
4.1821945551526674e-07
4.1821945551526674e-07
4.1821945551526674e-07
4.1821945551526674e-07
4.1821945551526674e-07
4.1821945551526674e-07
4.1821945551526674e-07
4.1821945551526674e-07
4.1821945551526674e-07
