0.150503276858392
0.11066853186256942
0.17592328513353642
0.16886954531739642
0.11125482533224952
0.09066811133904899
0.04372137507400344
0.025403231612849738
0.016323428540087514
0.010231946268576778
0.003698292419976449
0.001643093923662244
0.0006366371509984116
0.0008129718320947321
0.00047731198571059345
0.00012255949279482532
1.4963624729961743e-05
4.1821945551526674e-07
4.1821945551526674e-07
4.1821945551526674e-07
4.1821945551526674e-07
4.1821945551526674e-07
4.1821945551526674e-07
4.1821945551526674e-07
4.1821945551526674e-07
4.1821945551526674e-07
4.1821945551526674e-07
4.1821945551526674e-07
4.1821945551526674e-07
4.1821945551526674e-07
4.1821945551526674e-07
4.1821945551526674e-07
4.1821945551526674e-07
4.1821945551526674e-07
4.1821945551526674e-07
4.1821945551526674e-07
4.1821945551526674e-07
4.1821945551526674e-07
4.1821945551526674e-07
4.1821945551526674e-07
4.1821945551526674e-07
4.1821945551526674e-07
4.1821945551526674e-07
4.1821945551526674e-07
4.1821945551526674e-07
4.1821945551526674e-07
4.1821945551526674e-07
4.1821945551526674e-07
4.1821945551526674e-07
4.1821945551526674e-07
4.1821945551526674e-07
4.1821945551526674e-07
4.1821945551526674e-07
4.1821945551526674e-07
4.1821945551526674e-07
4.1821945551526674e-07
4.1821945551526674e-07
4.1821945551526674e-07
4.1821945551526674e-07
4.1821945551526674e-07
4.1821945551526674e-07
4.1821945551526674e-07
4.1821945551526674e-07
4.1821945551526674e-07
0.0025476764600078036
0.008008107082104931
0.03165910589550484
0.1151269277679306
0.21907438695008094
0.28685297750788
0.24448521149727143
0.23807098478666955
0.22714559114624225
0.2708270254236186
0.41248792405381657
0.5130744233225024
0.5794681751011923
0.6418720040009368
0.6868080859714094
0.6737247038787593
0.6569636563448875
0.6656420916398372
0.6486302188534251
0.6631593600523581
0.6790178411979179
0.604262085631507
0.52156665143355
0.3485606385681393
0.13305889832618406
0.02531865480503926
0.0042197512019429475
0.002216202584700787
4.1821945551526674e-07
4.1821945551526674e-07
1.2609572153005154e-06
4.1821945551526674e-07
4.1821945551526674e-07
4.1821945551526674e-07
4.1821945551526674e-07
4.1821945551526674e-07
4.1821945551526674e-07
4.1821945551526674e-07
4.1821945551526674e-07
4.1821945551526674e-07
4.1821945551526674e-07
4.1821945551526674e-07
0.00047731198571059345
0.010737426081278957
0.02687908615285257
0.09497947991142934
0.5093923977902639
0.5434905293030022
0.5424595039855777
0.5590573731230146
0.7020716704209016
0.7685385885562379
0.7979259791113147
0.8513705718982241
0.8770363158375446
0.878760580745287
0.8776846507027832
0.8711080322894494
0.8634063852598259
0.858754749535386
0.8636366253838561
0.9003837096295857
0.9146164267672319
0.8511288945521418
0.6290686858217224
0.5206090337653504
0.2627755026520618
0.08943096785230761
0.009820855380996639
0.001079718382396084
0.00023402860621486534
4.1821945551526674e-07
4.1821945551526674e-07
4.1821945551526674e-07
4.1821945551526674e-07
4.1821945551526674e-07
4.1821945551526674e-07
4.1821945551526674e-07
4.1821945551526674e-07
4.1821945551526674e-07
4.1821945551526674e-07
4.1821945551526674e-07
4.1821945551526674e-07
4.1821945551526674e-07
4.1821945551526674e-07
4.1821945551526674e-07
4.1821945551526674e-07
4.1821945551526674e-07
4.1821945551526674e-07
4.1821945551526674e-07
4.1821945551526674e-07
4.1821945551526674e-07
4.1821945551526674e-07
4.1821945551526674e-07
4.1821945551526674e-07
4.1821945551526674e-07
4.1821945551526674e-07
4.1821945551526674e-07
4.1821945551526674e-07
4.1821945551526674e-07
4.1821945551526674e-07
4.1821945551526674e-07
4.1821945551526674e-07
4.1821945551526674e-07
4.1821945551526674e-07
4.1821945551526674e-07
4.1821945551526674e-07
4.1821945551526674e-07
4.1821945551526674e-07
4.1821945551526674e-07
4.1821945551526674e-07
4.1821945551526674e-07
4.1821945551526674e-07
4.1821945551526674e-07
4.1821945551526674e-07
4.1821945551526674e-07
4.1821945551526674e-07
4.1821945551526674e-07
