0.18670490817500612
0.17050927347689032
0.15734335682572076
0.08651814116840556
0.04238703692519086
0.030251893828650726
0.024650811664706753
0.012525286747740462
0.009179748763494987
0.006864143201927446
0.0046153955967263485
0.006679678219286961
0.0038866721399602394
0.003935086112574001
0.00274111447497336
0.002408048984726452
0.0018895084707577679
0.0013232833031632373
0.0006235139684343123
0.00037917298689933097
0.00042007616762730306
0.00031220607875965677
0.0004224457305175551
0.0004932201971600888
0.0005464411068189754
0.0002309871053579922
0.0002727781110895458
0.0006399534299313105
0.00028666357850053626
0.0002264767926584861
0.00024966053426639015
0.00038355789034384675
0.00022350420217859162
0.00037051953720218495
0.0001621830508161896
0.00025938796284476434
0.00029021430607381046
0.00032754228984960423
0.00028666357850053626
0.00012663863619487018
4.796123798652165e-05
4.283449344976104e-05
2.9719053644181457e-06
4.1821945551526674e-07
4.1821945551526674e-07
7.856857206639839e-06
5.15917927094416e-06
4.1821945551526674e-07
4.1821945551526674e-07
4.1821945551526674e-07
4.1821945551526674e-07
4.1821945551526674e-07
4.1821945551526674e-07
4.1821945551526674e-07
4.1821945551526674e-07
4.1821945551526674e-07
4.1821945551526674e-07
4.1821945551526674e-07
4.1821945551526674e-07
4.1821945551526674e-07
0.00046181736468723316
0.00030659595969815087
0.00012054859646342047
0.0003536692437214269
6.313036111282722e-05
4.1821945551526674e-07
0.0001769429578319006
9.256233596632511e-05
2.8044755520704956e-05
4.1821945551526674e-07
6.606593459121625e-05
2.9162454700535683e-05
0.00015394651779406768
0.00020483413783674347
0.0006074251700725178
0.002897750601766622
0.012847597102270892
0.0042718531297889495
0.0015770771019588212
0.00411724749795121
0.02643747455727763
0.011516065742239236
0.004449703747682222
0.0011933023417513887
0.0001493594193483699
2.8044755520704956e-05
0.001256831009283534
0.0017038044238819384
0.0021968199958897934
0.0029853544891412036
0.002580902805480485
0.0019150021990455679
2.421818204057534e-05
4.1821945551526674e-07
4.1821945551526674e-07
4.1821945551526674e-07
4.1821945551526674e-07
4.1821945551526674e-07
4.1821945551526674e-07
4.1821945551526674e-07
4.1821945551526674e-07
4.1821945551526674e-07
4.1821945551526674e-07
4.1821945551526674e-07
4.1821945551526674e-07
2.209001896969392e-05
0.0023255449252111257
0.0002370980828777443
0.0001731754152823745
0.0004224457305175551
0.0005377417627940676
0.00031789255186428415
0.00018594054607975617
0.00012663863619487018
0.005914820262988942
0.019906358344636478
0.013611998240669197
0.018967839075865807
0.02687908615285257
0.014313525991548993
0.002706057087234796
2.1564498780108763e-05
0.0003103276022935584
0.0004905396802356355
0.00013503107354289674
0.00048256827308419155
0.0014722166571623976
0.002922543370001297
0.005799069782198611
0.00860871756494487
0.012754768152018781
0.009784221380973745
0.010193953020259513
0.011348104297189214
0.009389188847657024
0.0036071965376023056
0.0025476764600078036
0.0023975957500464175
0.0015698878756208125
0.00012155167244851496
4.1821945551526674e-07
4.1821945551526674e-07
4.1821945551526674e-07
4.1821945551526674e-07
4.1821945551526674e-07
4.1821945551526674e-07
4.1821945551526674e-07
4.1821945551526674e-07
4.1821945551526674e-07
4.1821945551526674e-07
4.1821945551526674e-07
4.1821945551526674e-07
4.1821945551526674e-07
4.1821945551526674e-07
0.00024019577330216922
5.329120576535909e-05
0.00011560365777229908
0.0002660221573319983
0.000694998337551608
0.0003434398430102302
0.00024175527353689227
0.0005854769191362672
0.0010141913458926821
0.00048256827308419155
0.0003683801846117332
0.0003434398430102302
0.0005095521198254942
0.0023975957500464175
0.0024396521470343145
0.0015555957460850081
0.002225950654857857
0.0009474773036815275
0.004690789790075773
0.004359968156507519
0.0023871828582324056
0.000646628961050359
0.0005123160239849931
0.0007693192390129263
0.00045674268208358595
0.0005095521198254942
0.0003294984034547105
0.00018856534715428416
0.002418542702172075
0.002558709374389707
0.002102143993834012
0.0014722166571623976
0.0028365867287181838
0.0048059454493185735
0.004844888211290228
0.00362223859630885
0.002335718674598874
0.0028244929282907755
0.0027647101980360672
0.002376810169798905
0.0017664826348046017
0.0013544880551919598
0.0008502304067433799
0.0008544582991248565
0.00031220607875965677
0.0013419299204970976
0.0016961091618540182
0.0020380404246511537
0.001643093923662244
0.0008587040512945132
0.00047210165104128615
0.00026435227366281293
4.666078723463647e-05
4.1821945551526674e-07
3.911842671788757e-05
0.00012561162899256146
6.385895442358655e-05
6.459107050735467e-05
6.0965559969700685e-05
2.0521199297108956e-05
4.1821945551526674e-07
4.1821945551526674e-07
0.00013610249935865063
0.3770650724742253
0.44999637912465057
0.7271560467498339
0.7494247252110895
0.9174873720783592
0.8961579055501364
0.849187736892655
0.7717764323569498
0.8182224810089174
0.9065079841310221
0.9856765399832919
0.9844993028027402
0.9703182459327355
0.9897501767660171
1.0
1.0
1.0
1.0
1.0
1.0
0.9914481062717828
0.3478673212416485
0.00046693689962801937
0.00019794574759606317
4.1821945551526674e-07
4.1821945551526674e-07
4.1821945551526674e-07
4.1821945551526674e-07
4.1821945551526674e-07
4.1821945551526674e-07
4.1821945551526674e-07
4.1821945551526674e-07
4.1821945551526674e-07
4.1821945551526674e-07
4.1821945551526674e-07
4.1821945551526674e-07
4.1821945551526674e-07
4.1821945551526674e-07
4.1821945551526674e-07
4.1821945551526674e-07
4.1821945551526674e-07
4.1821945551526674e-07
3.840275724441357e-06
4.1821945551526674e-07
4.1821945551526674e-07
4.1821945551526674e-07
4.1821945551526674e-07
4.1821945551526674e-07
4.1821945551526674e-07
4.1821945551526674e-07
2.6388658180851257e-05
1.6949692108200303e-05
4.1821945551526674e-07
4.1821945551526674e-07
4.1821945551526674e-07
4.1821945551526674e-07
4.1821945551526674e-07
4.1821945551526674e-07
4.1821945551526674e-07
4.1821945551526674e-07
4.1821945551526674e-07
4.1821945551526674e-07
4.1821945551526674e-07
4.1821945551526674e-07
4.1821945551526674e-07
4.1821945551526674e-07
4.1821945551526674e-07
4.1821945551526674e-07
4.1821945551526674e-07
4.1821945551526674e-07
4.1821945551526674e-07
4.1821945551526674e-07
4.1821945551526674e-07
4.1821945551526674e-07
4.1821945551526674e-07
4.1821945551526674e-07
4.1821945551526674e-07
4.1821945551526674e-07
4.1821945551526674e-07
4.1821945551526674e-07
4.1821945551526674e-07
4.1821945551526674e-07
4.1821945551526674e-07
4.1821945551526674e-07
4.1821945551526674e-07
4.1821945551526674e-07
4.1821945551526674e-07
1.3016494535658117e-05
2.3148859973065797e-05
3.973024358103057e-05
2.529808216878381e-05
7.919212530911115e-05
1.1581268460831754e-05
4.1821945551526674e-07
4.1821945551526674e-07
4.1821945551526674e-07
4.1821945551526674e-07
4.1821945551526674e-07
4.1821945551526674e-07
4.1821945551526674e-07
4.1821945551526674e-07
4.1821945551526674e-07
4.1821945551526674e-07
4.1821945551526674e-07
4.1821945551526674e-07
4.1821945551526674e-07
