0.18670490817500612
0.17050927347689032
0.14643915787577286
0.10134912522279296
0.06667915283707734
0.044676567891540106
0.026175543470491943
0.013661080510422365
0.009318908238402939
0.006525099850476593
0.0018476849267502124
0.0014995630139813336
0.0015627274584292538
0.0018394190568042593
0.0011820565635687714
0.00045927443949872877
0.0004542220473359817
0.0003047427235255585
0.00010328123033177369
8.997696714995678e-05
6.02509002271068e-05
2.749000873286707e-05
4.1821945551526674e-07
4.1821945551526674e-07
1.7957554246278875e-05
4.1821945551526674e-07
4.1821945551526674e-07
4.1821945551526674e-07
4.1821945551526674e-07
4.1821945551526674e-07
4.1821945551526674e-07
4.1821945551526674e-07
4.1821945551526674e-07
4.1821945551526674e-07
4.1821945551526674e-07
4.1821945551526674e-07
4.1821945551526674e-07
4.1821945551526674e-07
9.236195326068331e-06
4.1821945551526674e-07
1.4963624729961743e-05
0.00012155167244851496
0.0002762023910397479
0.00041771707015121607
0.00030659595969815087
0.0002279733441721462
9.169643306447382e-05
0.00010145200098041932
0.0001562724199942784
4.1821945551526674e-07
4.1821945551526674e-07
4.1821945551526674e-07
4.1821945551526674e-07
4.1821945551526674e-07
4.1821945551526674e-07
4.1821945551526674e-07
4.1821945551526674e-07
4.1821945551526674e-07
4.1821945551526674e-07
4.1821945551526674e-07
4.1821945551526674e-07
4.1821945551526674e-07
4.1821945551526674e-07
4.1821945551526674e-07
0.02432267790856343
0.12904091145243118
0.23966280850170418
0.5466025590872728
0.5208481119909574
0.29172840788115123
0.14753891762627494
0.0802483330502932
0.2599423471935768
0.2073714585356371
0.4459072790418441
0.5107664321162924
0.7082891756349668
0.7939828801853094
0.9309861618290257
0.9215870235694875
0.9113276155856777
0.949086316652427
0.9529656786847176
0.9621435965348526
0.9482584029172385
0.6777719668912789
0.4195091687679953
0.3859107256837527
0.1225590982736464
0.0008252342856446661
0.00022202810530335486
0.00022350420217859162
4.1821945551526674e-07
4.1821945551526674e-07
4.1821945551526674e-07
4.1821945551526674e-07
4.1821945551526674e-07
6.0965559969700685e-05
0.0001297488399264648
0.00010328123033177369
8.912336769799859e-05
0.00011077424712389733
0.0001297488399264648
6.830505072691506e-05
4.1821945551526674e-07
4.1821945551526674e-07
8.997696714995678e-05
0.3506462257282193
0.6921062638253795
0.899814197854018
0.9626090342907202
0.9366928865605144
0.8599259916544006
0.8914176222706991
0.9897501767660171
0.988274020104305
0.9675198607669182
0.9795746562129952
0.9856765399832919
0.9778716970910599
0.9728476314475552
0.9557765758053443
0.9654821425287594
0.9675198607669182
0.9795746562129952
0.988274020104305
0.9914481062717828
0.9778716970910599
0.5201315307513064
0.32750344261611863
0.12479751134908898
0.030848222004048173
0.0022653245389246185
0.011348104297189214
0.003547584511888152
0.0003536692437214269
0.00030659595969815087
0.0007313666888369
0.0008170420431812172
0.0009021591095687292
0.0006432840144544302
0.0001952345951331162
7.679718850208893e-05
4.0345053192032316e-05
2.2618135368530962e-05
4.1821945551526674e-07
4.1821945551526674e-07
4.1821945551526674e-07
8.385352447237871e-07
4.1821945551526674e-07
6.0494664229690885e-06
4.1821945551526674e-07
4.1821945551526674e-07
4.1821945551526674e-07
4.1821945551526674e-07
4.1821945551526674e-07
4.1821945551526674e-07
4.1821945551526674e-07
4.1821945551526674e-07
4.1821945551526674e-07
4.1821945551526674e-07
4.1821945551526674e-07
4.1821945551526674e-07
4.1821945551526674e-07
4.1821945551526674e-07
4.1821945551526674e-07
4.1821945551526674e-07
4.1821945551526674e-07
4.1821945551526674e-07
4.1821945551526674e-07
4.1821945551526674e-07
4.1821945551526674e-07
4.1821945551526674e-07
4.1821945551526674e-07
4.1821945551526674e-07
4.1821945551526674e-07
4.1821945551526674e-07
4.1821945551526674e-07
4.1821945551526674e-07
4.1821945551526674e-07
4.1821945551526674e-07
4.1821945551526674e-07
