0.26908693107427367
0.21462936309034886
0.11756304025696844
0.012299466594851465
0.0020290255764019187
0.00010512791409933538
4.1821945551526674e-07
4.1821945551526674e-07
4.1821945551526674e-07
4.1821945551526674e-07
4.1821945551526674e-07
4.1821945551526674e-07
4.1821945551526674e-07
4.1821945551526674e-07
4.1821945551526674e-07
4.1821945551526674e-07
4.1821945551526674e-07
4.1821945551526674e-07
4.1821945551526674e-07
4.1821945551526674e-07
4.1821945551526674e-07
4.1821945551526674e-07
4.1821945551526674e-07
4.1821945551526674e-07
4.1821945551526674e-07
4.1821945551526674e-07
4.1821945551526674e-07
4.1821945551526674e-07
4.1821945551526674e-07
4.1821945551526674e-07
4.1821945551526674e-07
4.1821945551526674e-07
4.1821945551526674e-07
4.1821945551526674e-07
4.1821945551526674e-07
4.1821945551526674e-07
4.1821945551526674e-07
4.1821945551526674e-07
4.1821945551526674e-07
4.1821945551526674e-07
4.1821945551526674e-07
4.1821945551526674e-07
4.1821945551526674e-07
4.1821945551526674e-07
4.1821945551526674e-07
4.1821945551526674e-07
4.1821945551526674e-07
4.1821945551526674e-07
4.1821945551526674e-07
4.1821945551526674e-07
4.1821945551526674e-07
4.1821945551526674e-07
4.1821945551526674e-07
4.1821945551526674e-07
4.1821945551526674e-07
4.1821945551526674e-07
4.1821945551526674e-07
4.1821945551526674e-07
4.1821945551526674e-07
4.1821945551526674e-07
4.1821945551526674e-07
4.1821945551526674e-07
4.1821945551526674e-07
4.1821945551526674e-07
4.1821945551526674e-07
4.1821945551526674e-07
4.1821945551526674e-07
4.1821945551526674e-07
4.1821945551526674e-07
4.1821945551526674e-07
4.1821945551526674e-07
4.1821945551526674e-07
4.1821945551526674e-07
4.1821945551526674e-07
4.1821945551526674e-07
4.1821945551526674e-07
4.1821945551526674e-07
4.1821945551526674e-07
4.1821945551526674e-07
4.1821945551526674e-07
0.00047731198571059345
0.0362247518875326
0.7348283045491426
0.9241348361548986
1.0
1.0
0.9934054126355418
0.654799442200656
0.004237055067172595
4.1821945551526674e-07
4.1821945551526674e-07
4.1821945551526674e-07
4.1821945551526674e-07
4.1821945551526674e-07
4.1821945551526674e-07
4.1821945551526674e-07
4.1821945551526674e-07
4.1821945551526674e-07
4.1821945551526674e-07
4.1821945551526674e-07
4.1821945551526674e-07
4.1821945551526674e-07
4.1821945551526674e-07
4.1821945551526674e-07
4.1821945551526674e-07
4.1821945551526674e-07
4.1821945551526674e-07
4.1821945551526674e-07
4.1821945551526674e-07
4.1821945551526674e-07
4.1821945551526674e-07
4.1821945551526674e-07
4.1821945551526674e-07
4.1821945551526674e-07
4.1821945551526674e-07
4.1821945551526674e-07
4.1821945551526674e-07
4.1821945551526674e-07
4.1821945551526674e-07
4.1821945551526674e-07
4.1821945551526674e-07
4.1821945551526674e-07
4.1821945551526674e-07
4.1821945551526674e-07
4.1821945551526674e-07
4.1821945551526674e-07
4.1821945551526674e-07
4.1821945551526674e-07
4.1821945551526674e-07
4.1821945551526674e-07
4.1821945551526674e-07
4.1821945551526674e-07
4.1821945551526674e-07
4.1821945551526674e-07
4.1821945551526674e-07
4.1821945551526674e-07
4.1821945551526674e-07
4.1821945551526674e-07
4.1821945551526674e-07
4.1821945551526674e-07
4.1821945551526674e-07
0.00013610249935865063
4.1821945551526674e-07
4.1821945551526674e-07
4.1821945551526674e-07
4.1821945551526674e-07
4.1821945551526674e-07
4.1821945551526674e-07
0.00045927443949872877
0.2778683303546699
0.510536864670549
0.7308439809997639
0.8702155620813481
1.0
1.0
1.0
1.0
1.0
0.0029853544891412036
4.1821945551526674e-07
4.1821945551526674e-07
4.1821945551526674e-07
4.1821945551526674e-07
4.1821945551526674e-07
4.1821945551526674e-07
4.1821945551526674e-07
4.1821945551526674e-07
4.1821945551526674e-07
4.1821945551526674e-07
4.1821945551526674e-07
4.1821945551526674e-07
4.1821945551526674e-07
4.1821945551526674e-07
4.1821945551526674e-07
4.1821945551526674e-07
4.1821945551526674e-07
4.1821945551526674e-07
4.1821945551526674e-07
4.1821945551526674e-07
4.1821945551526674e-07
4.1821945551526674e-07
4.1821945551526674e-07
4.1821945551526674e-07
4.1821945551526674e-07
4.1821945551526674e-07
4.1821945551526674e-07
4.1821945551526674e-07
4.1821945551526674e-07
4.1821945551526674e-07
4.1821945551526674e-07
4.1821945551526674e-07
4.1821945551526674e-07
4.1821945551526674e-07
4.1821945551526674e-07
4.1821945551526674e-07
4.1821945551526674e-07
4.1821945551526674e-07
4.1821945551526674e-07
4.1821945551526674e-07
4.1821945551526674e-07
4.1821945551526674e-07
4.1821945551526674e-07
4.1821945551526674e-07
4.1821945551526674e-07
4.1821945551526674e-07
4.1821945551526674e-07
4.1821945551526674e-07
4.1821945551526674e-07
4.1821945551526674e-07
4.1821945551526674e-07
4.1821945551526674e-07
4.1821945551526674e-07
4.1821945551526674e-07
4.1821945551526674e-07
4.1821945551526674e-07
4.1821945551526674e-07
4.1821945551526674e-07
4.1821945551526674e-07
4.1821945551526674e-07
4.1821945551526674e-07
4.1821945551526674e-07
4.1821945551526674e-07
4.1821945551526674e-07
4.1821945551526674e-07
4.1821945551526674e-07
4.1821945551526674e-07
4.1821945551526674e-07
4.1821945551526674e-07
4.1821945551526674e-07
4.1821945551526674e-07
4.1821945551526674e-07
4.1821945551526674e-07
0.012894235276907903
0.0061525296471235105
4.1821945551526674e-07
4.1821945551526674e-07
4.1821945551526674e-07
4.1821945551526674e-07
4.1821945551526674e-07
4.1821945551526674e-07
4.1821945551526674e-07
4.1821945551526674e-07
4.1821945551526674e-07
4.1821945551526674e-07
4.1821945551526674e-07
4.1821945551526674e-07
4.1821945551526674e-07
4.1821945551526674e-07
4.1821945551526674e-07
4.1821945551526674e-07
4.1821945551526674e-07
4.1821945551526674e-07
4.1821945551526674e-07
4.1821945551526674e-07
4.1821945551526674e-07
4.1821945551526674e-07
4.1821945551526674e-07
4.1821945551526674e-07
4.1821945551526674e-07
4.1821945551526674e-07
4.1821945551526674e-07
4.1821945551526674e-07
4.1821945551526674e-07
4.1821945551526674e-07
4.1821945551526674e-07
4.1821945551526674e-07
4.1821945551526674e-07
4.1821945551526674e-07
4.1821945551526674e-07
4.1821945551526674e-07
4.1821945551526674e-07
4.1821945551526674e-07
4.1821945551526674e-07
4.1821945551526674e-07
4.1821945551526674e-07
4.1821945551526674e-07
4.1821945551526674e-07
4.1821945551526674e-07
4.1821945551526674e-07
4.1821945551526674e-07
4.1821945551526674e-07
4.1821945551526674e-07
4.1821945551526674e-07
4.1821945551526674e-07
4.1821945551526674e-07
4.1821945551526674e-07
4.1821945551526674e-07
4.1821945551526674e-07
4.1821945551526674e-07
4.1821945551526674e-07
4.1821945551526674e-07
4.1821945551526674e-07
4.1821945551526674e-07
4.1821945551526674e-07
4.1821945551526674e-07
4.1821945551526674e-07
4.1821945551526674e-07
4.1821945551526674e-07
4.1821945551526674e-07
4.1821945551526674e-07
4.1821945551526674e-07
4.1821945551526674e-07
4.1821945551526674e-07
4.1821945551526674e-07
4.1821945551526674e-07
4.1821945551526674e-07
4.1821945551526674e-07
4.1821945551526674e-07
4.1821945551526674e-07
4.1821945551526674e-07
0.006810980738864267
0.09838795584497347
0.3690760163464839
4.1821945551526674e-07
4.1821945551526674e-07
4.1821945551526674e-07
4.1821945551526674e-07
4.1821945551526674e-07
4.1821945551526674e-07
4.1821945551526674e-07
4.1821945551526674e-07
4.1821945551526674e-07
4.1821945551526674e-07
4.1821945551526674e-07
4.1821945551526674e-07
4.1821945551526674e-07
4.1821945551526674e-07
4.1821945551526674e-07
4.1821945551526674e-07
4.1821945551526674e-07
4.1821945551526674e-07
4.1821945551526674e-07
4.1821945551526674e-07
4.1821945551526674e-07
4.1821945551526674e-07
4.1821945551526674e-07
4.1821945551526674e-07
4.1821945551526674e-07
4.1821945551526674e-07
4.1821945551526674e-07
4.1821945551526674e-07
4.1821945551526674e-07
4.1821945551526674e-07
4.1821945551526674e-07
4.1821945551526674e-07
4.1821945551526674e-07
4.1821945551526674e-07
4.1821945551526674e-07
4.1821945551526674e-07
4.1821945551526674e-07
4.1821945551526674e-07
4.1821945551526674e-07
4.1821945551526674e-07
4.1821945551526674e-07
4.1821945551526674e-07
4.1821945551526674e-07
4.1821945551526674e-07
4.1821945551526674e-07
4.1821945551526674e-07
4.1821945551526674e-07
4.1821945551526674e-07
4.1821945551526674e-07
4.1821945551526674e-07
4.1821945551526674e-07
4.1821945551526674e-07
4.1821945551526674e-07
4.1821945551526674e-07
4.1821945551526674e-07
4.1821945551526674e-07
4.1821945551526674e-07
4.1821945551526674e-07
4.1821945551526674e-07
4.1821945551526674e-07
4.1821945551526674e-07
4.1821945551526674e-07
4.1821945551526674e-07
4.1821945551526674e-07
4.1821945551526674e-07
4.1821945551526674e-07
4.1821945551526674e-07
4.1821945551526674e-07
4.1821945551526674e-07
4.1821945551526674e-07
4.1821945551526674e-07
4.1821945551526674e-07
4.1821945551526674e-07
4.1821945551526674e-07
4.1821945551526674e-07
4.1821945551526674e-07
4.1821945551526674e-07
4.1821945551526674e-07
4.1821945551526674e-07
4.1821945551526674e-07
4.1821945551526674e-07
4.1821945551526674e-07
4.1821945551526674e-07
4.1821945551526674e-07
4.1821945551526674e-07
4.1821945551526674e-07
4.1821945551526674e-07
4.1821945551526674e-07
4.1821945551526674e-07
4.1821945551526674e-07
4.1821945551526674e-07
4.1821945551526674e-07
4.1821945551526674e-07
4.1821945551526674e-07
4.1821945551526674e-07
4.1821945551526674e-07
4.1821945551526674e-07
4.1821945551526674e-07
4.1821945551526674e-07
4.1821945551526674e-07
4.1821945551526674e-07
4.1821945551526674e-07
4.1821945551526674e-07
4.1821945551526674e-07
4.1821945551526674e-07
4.1821945551526674e-07
4.1821945551526674e-07
4.1821945551526674e-07
4.1821945551526674e-07
4.1821945551526674e-07
4.1821945551526674e-07
4.1821945551526674e-07
4.1821945551526674e-07
4.1821945551526674e-07
4.1821945551526674e-07
4.1821945551526674e-07
4.1821945551526674e-07
4.1821945551526674e-07
4.1821945551526674e-07
4.1821945551526674e-07
4.1821945551526674e-07
4.1821945551526674e-07
4.1821945551526674e-07
4.1821945551526674e-07
4.1821945551526674e-07
4.1821945551526674e-07
4.1821945551526674e-07
4.1821945551526674e-07
4.1821945551526674e-07
4.1821945551526674e-07
4.1821945551526674e-07
0.019769842399650458
0.6149298403942045
0.988274020104305
1.0
1.0
1.0
1.0
1.0
1.0
0.00362223859630885
6.0494664229690885e-06
4.1821945551526674e-07
4.1821945551526674e-07
4.1821945551526674e-07
4.1821945551526674e-07
4.1821945551526674e-07
4.1821945551526674e-07
4.1821945551526674e-07
4.1821945551526674e-07
4.1821945551526674e-07
4.1821945551526674e-07
4.1821945551526674e-07
4.1821945551526674e-07
4.1821945551526674e-07
4.1821945551526674e-07
4.1821945551526674e-07
4.1821945551526674e-07
4.1821945551526674e-07
4.1821945551526674e-07
4.1821945551526674e-07
4.1821945551526674e-07
4.1821945551526674e-07
4.1821945551526674e-07
4.1821945551526674e-07
4.1821945551526674e-07
4.1821945551526674e-07
4.1821945551526674e-07
4.1821945551526674e-07
4.1821945551526674e-07
4.1821945551526674e-07
4.1821945551526674e-07
4.1821945551526674e-07
4.1821945551526674e-07
4.1821945551526674e-07
4.1821945551526674e-07
4.1821945551526674e-07
4.1821945551526674e-07
4.1821945551526674e-07
4.1821945551526674e-07
4.1821945551526674e-07
4.1821945551526674e-07
4.1821945551526674e-07
4.1821945551526674e-07
4.1821945551526674e-07
4.1821945551526674e-07
4.1821945551526674e-07
4.1821945551526674e-07
4.1821945551526674e-07
4.1821945551526674e-07
4.1821945551526674e-07
4.1821945551526674e-07
4.1821945551526674e-07
4.1821945551526674e-07
4.1821945551526674e-07
4.1821945551526674e-07
4.1821945551526674e-07
4.1821945551526674e-07
4.1821945551526674e-07
4.1821945551526674e-07
4.1821945551526674e-07
4.1821945551526674e-07
4.1821945551526674e-07
4.1821945551526674e-07
4.1821945551526674e-07
4.1821945551526674e-07
4.1821945551526674e-07
