0.13856965305490837
0.13648238347839922
0.12772321173495585
0.08820767805315224
0.07309903183437604
0.05691412873436788
0.04678336503381818
0.03104924215473336
0.0158129384710541
0.00857613427653288
0.0039676606763426716
0.004671838789136497
0.002482363031708758
0.0012987729931373108
0.0002779262205489508
6.830505072691506e-05
4.1821945551526674e-07
4.1821945551526674e-07
4.1821945551526674e-07
4.1821945551526674e-07
4.1821945551526674e-07
4.1821945551526674e-07
4.1821945551526674e-07
4.1821945551526674e-07
4.1821945551526674e-07
4.1821945551526674e-07
4.1821945551526674e-07
4.1821945551526674e-07
4.1821945551526674e-07
4.1821945551526674e-07
4.1821945551526674e-07
4.1821945551526674e-07
4.1821945551526674e-07
4.1821945551526674e-07
4.1821945551526674e-07
4.1821945551526674e-07
4.1821945551526674e-07
4.1821945551526674e-07
4.1821945551526674e-07
4.1821945551526674e-07
4.1821945551526674e-07
4.1821945551526674e-07
4.1821945551526674e-07
4.1821945551526674e-07
4.1821945551526674e-07
4.1821945551526674e-07
4.1821945551526674e-07
4.1821945551526674e-07
4.1821945551526674e-07
4.1821945551526674e-07
4.1821945551526674e-07
4.1821945551526674e-07
4.1821945551526674e-07
4.1821945551526674e-07
4.1821945551526674e-07
4.1821945551526674e-07
4.1821945551526674e-07
4.1821945551526674e-07
4.1821945551526674e-07
4.1821945551526674e-07
4.1821945551526674e-07
4.1821945551526674e-07
4.1821945551526674e-07
4.1821945551526674e-07
4.1821945551526674e-07
4.1821945551526674e-07
4.1821945551526674e-07
7.999812108526679e-05
0.0004517124903135617
0.0024290770426978556
0.007916766324608868
0.008479042038826165
0.004134175380177595
0.0008672494103550535
0.0002920017575511931
0.00011756762735174486
0.00026268996787294355
0.0004542220473359817
0.001210345160578955
0.003547584511888152
0.0037446062340122706
0.006837515874981506
0.005640417972605003
0.007163208539988429
0.00963889665079164
0.010817127823167447
0.00660198531836159
0.0028731454489136637
0.0018476849267502124
0.0028365867287181838
0.001043995560956266
0.000573230496605312
0.0007166326897645051
0.00019254837936965512
4.1821945551526674e-07
4.1821945551526674e-07
4.1821945551526674e-07
4.1821945551526674e-07
4.1821945551526674e-07
4.1821945551526674e-07
4.1821945551526674e-07
4.1821945551526674e-07
4.1821945551526674e-07
4.1821945551526674e-07
4.1821945551526674e-07
4.1821945551526674e-07
4.1821945551526674e-07
1.9488141962042586e-05
2.2618135368530962e-05
9.784529217673233e-05
0.00013826050530950476
0.00010054388364771395
0.0001598022438133534
0.0002370980828777443
0.0003434398430102302
0.0002561158892805798
8.408650382495522e-05
2.3682204830817788e-05
4.1821945551526674e-07
4.1821945551526674e-07
4.1821945551526674e-07
4.1821945551526674e-07
4.1821945551526674e-07
4.1821945551526674e-07
4.1821945551526674e-07
4.1821945551526674e-07
4.1821945551526674e-07
4.1821945551526674e-07
4.1821945551526674e-07
4.1821945551526674e-07
4.1821945551526674e-07
4.1821945551526674e-07
4.1821945551526674e-07
4.1821945551526674e-07
4.1821945551526674e-07
4.1821945551526674e-07
4.1821945551526674e-07
4.1821945551526674e-07
4.1821945551526674e-07
3.200515897274475e-05
0.001292707629431915
0.0016282171729369635
0.0006499883264002561
0.00034750414317488595
0.0003028978309597897
0.00021331249449299235
0.0003879820059015201
0.0004296176395219437
0.0011006012863365347
0.008351108304631753
0.009495493432057115
0.01548047266226579
0.02824255423092406
0.03657148640819114
0.06477210045358106
0.11125482533224952
0.10162186926242499
0.02391786408130519
0.007445112471145236
0.0025476764600078036
0.00018333994436650383
6.532672524703607e-05
3.840275724441357e-06
4.1821945551526674e-07
4.1821945551526674e-07
4.1821945551526674e-07
4.1821945551526674e-07
4.1821945551526674e-07
4.1821945551526674e-07
4.1821945551526674e-07
4.1821945551526674e-07
4.1821945551526674e-07
4.1821945551526674e-07
4.1821945551526674e-07
4.1821945551526674e-07
4.1821945551526674e-07
4.1821945551526674e-07
4.1821945551526674e-07
4.1821945551526674e-07
4.1821945551526674e-07
4.1821945551526674e-07
4.1821945551526674e-07
4.1821945551526674e-07
4.1821945551526674e-07
4.1821945551526674e-07
4.1821945551526674e-07
4.1821945551526674e-07
4.1821945551526674e-07
4.1821945551526674e-07
4.1821945551526674e-07
4.1821945551526674e-07
4.1821945551526674e-07
4.1821945551526674e-07
4.1821945551526674e-07
4.1821945551526674e-07
4.1821945551526674e-07
4.1821945551526674e-07
4.1821945551526674e-07
4.1821945551526674e-07
4.1821945551526674e-07
4.1821945551526674e-07
4.1821945551526674e-07
4.1821945551526674e-07
4.1821945551526674e-07
4.1821945551526674e-07
4.1821945551526674e-07
4.1821945551526674e-07
4.1821945551526674e-07
4.1821945551526674e-07
4.1821945551526674e-07
4.1821945551526674e-07
4.1821945551526674e-07
0.00024966053426639015
0.0006300472849622466
0.0015484926346175038
0.0032762647527293776
0.0023154105509331363
0.0016356406669186584
0.0016732067359430047
0.0010642815810283405
0.0012450663710943638
0.0015414180203839048
0.0020744555692377925
0.0020111017303024595
0.0020928783546389725
0.0024396521470343145
0.0013481962197057977
0.001432016501392575
0.002206492409109143
0.004671838789136497
0.009008400111535898
0.00605644129775122
0.004767282638598045
0.002056176595653847
0.0016732067359430047
4.1821945551526674e-07
4.1821945551526674e-07
4.1821945551526674e-07
4.1821945551526674e-07
4.1821945551526674e-07
4.1821945551526674e-07
4.1821945551526674e-07
4.1821945551526674e-07
4.1821945551526674e-07
4.1821945551526674e-07
4.1821945551526674e-07
4.1821945551526674e-07
4.1821945551526674e-07
4.1821945551526674e-07
4.1821945551526674e-07
4.1821945551526674e-07
4.1821945551526674e-07
4.1821945551526674e-07
4.1821945551526674e-07
4.1821945551526674e-07
4.1821945551526674e-07
4.1821945551526674e-07
4.1821945551526674e-07
4.1821945551526674e-07
4.1821945551526674e-07
4.1821945551526674e-07
4.1821945551526674e-07
4.1821945551526674e-07
4.1821945551526674e-07
4.1821945551526674e-07
4.1821945551526674e-07
4.1821945551526674e-07
4.1821945551526674e-07
4.1821945551526674e-07
4.1821945551526674e-07
4.1821945551526674e-07
4.1821945551526674e-07
4.1821945551526674e-07
4.1821945551526674e-07
4.1821945551526674e-07
4.1821945551526674e-07
4.1821945551526674e-07
4.1821945551526674e-07
4.1821945551526674e-07
4.1821945551526674e-07
4.1821945551526674e-07
9.236195326068331e-06
4.1821945551526674e-07
5.603214164861691e-06
2.8044755520704956e-05
9.784529217673233e-05
0.00010512791409933538
4.409752831835428e-05
4.1821945551526674e-07
4.1821945551526674e-07
0.00015744354151097024
0.00031789255186428415
0.0014254107963574383
0.005463857926285648
0.009675046833120564
0.006864143201927446
0.012299466594851465
0.014728564085050872
0.01483396783378671
0.010737426081278957
0.009214364252788947
0.01147387012962292
0.010817127823167447
0.016323428540087514
0.0248994341230122
0.04453903342935014
0.04678336503381818
0.055409797254604584
0.05393911080009153
0.04621346113890726
0.021172616167729967
0.008543660805613276
0.006348799419033278
0.002659935082715774
0.00010887426571354678
4.1821945551526674e-07
4.1821945551526674e-07
4.1821945551526674e-07
4.1821945551526674e-07
4.1821945551526674e-07
4.1821945551526674e-07
4.1821945551526674e-07
4.1821945551526674e-07
0.00017069273747401294
0.0004695136004138804
0.00036413001603403515
0.0005885718304898898
0.00024332191727649788
0.0005348671470728068
0.0003294984034547105
0.0005854769191362672
0.0005068002721936703
0.0007539441433465716
0.0011006012863365347
0.0009382611694484275
0.0011764682459082204
0.0020111017303024595
0.0014790119279027001
0.0007732040245997502
0.0001235720783596293
0.0001562724199942784
0.00013184684137160913
0.00013717896926209862
0.00020344372183440834
0.0003294984034547105
0.0002831448609834668
0.00035782552040111097
7.999812108526679e-05
3.670081527016355e-05
4.927438898930533e-05
3.2582108786105586e-05
4.1821945551526674e-07
2.0003396264418724e-05
9.236195326068331e-06
4.1821945551526674e-07
4.1821945551526674e-07
4.1821945551526674e-07
4.1821945551526674e-07
4.1821945551526674e-07
4.1821945551526674e-07
4.1821945551526674e-07
4.1821945551526674e-07
4.1821945551526674e-07
4.1821945551526674e-07
4.1821945551526674e-07
4.1821945551526674e-07
4.1821945551526674e-07
7.856857206639839e-06
4.861621874534112e-05
1.4963624729961743e-05
4.1821945551526674e-07
4.1821945551526674e-07
4.1821945551526674e-07
6.0965559969700685e-05
9.96400723984018e-05
7.057673880861431e-05
1.897542464599091e-05
4.1821945551526674e-07
4.1821945551526674e-07
4.601528854671915e-05
3.973024358103057e-05
1.6854952576662474e-06
4.1821945551526674e-07
4.1821945551526674e-07
4.1821945551526674e-07
4.1821945551526674e-07
4.1821945551526674e-07
4.1821945551526674e-07
4.1821945551526674e-07
4.1821945551526674e-07
4.1821945551526674e-07
4.1821945551526674e-07
4.1821945551526674e-07
4.1821945551526674e-07
4.1821945551526674e-07
4.1821945551526674e-07
4.1821945551526674e-07
4.1821945551526674e-07
4.1821945551526674e-07
4.1821945551526674e-07
4.1821945551526674e-07
4.1821945551526674e-07
4.1821945551526674e-07
4.1821945551526674e-07
4.1821945551526674e-07
4.1821945551526674e-07
4.1821945551526674e-07
4.1821945551526674e-07
4.1821945551526674e-07
4.1821945551526674e-07
4.1821945551526674e-07
4.1821945551526674e-07
4.1821945551526674e-07
4.1821945551526674e-07
4.1821945551526674e-07
4.1821945551526674e-07
4.1821945551526674e-07
4.1821945551526674e-07
4.1821945551526674e-07
4.1821945551526674e-07
4.1821945551526674e-07
4.1821945551526674e-07
4.1821945551526674e-07
4.1821945551526674e-07
1.6949692108200303e-05
0.00011955024406565493
4.993576321616549e-05
4.1821945551526674e-07
6.168367960567218e-05
0.0006267735858813675
0.004000475928227118
0.012479831415865695
0.029376095551451764
0.04838147470694505
0.03520143799164156
0.023203975309233977
0.020956804970967465
0.01537102762897005
0.012754768152018781
0.04032440216913345
0.08298705405220122
0.06942751888143006
0.03895665802975025
0.04070447444897739
0.04278364048992635
0.04523032707824165
0.08092592669324342
0.10691802904881532
0.1293720183372004
0.10950341062782429
0.06667915283707734
0.029665558304877913
0.012344340119814405
0.0006010862946793585
0.0002727781110895458
0.00018463723327818477
0.00011658332190212555
4.1821945551526674e-07
4.1821945551526674e-07
4.1821945551526674e-07
4.1821945551526674e-07
1.4473219984252543e-05
4.1821945551526674e-07
4.1821945551526674e-07
4.1821945551526674e-07
4.1821945551526674e-07
4.1821945551526674e-07
4.1821945551526674e-07
4.1821945551526674e-07
4.1821945551526674e-07
4.1821945551526674e-07
4.1821945551526674e-07
4.1821945551526674e-07
4.1821945551526674e-07
4.1821945551526674e-07
4.1821945551526674e-07
4.1821945551526674e-07
4.1821945551526674e-07
4.1821945551526674e-07
4.1821945551526674e-07
4.1821945551526674e-07
4.1821945551526674e-07
4.1821945551526674e-07
4.1821945551526674e-07
4.1821945551526674e-07
4.1821945551526674e-07
4.1821945551526674e-07
4.1821945551526674e-07
4.1821945551526674e-07
4.1821945551526674e-07
4.1821945551526674e-07
4.1821945551526674e-07
4.1821945551526674e-07
4.1821945551526674e-07
4.1821945551526674e-07
4.1821945551526674e-07
4.1821945551526674e-07
4.1821945551526674e-07
4.1821945551526674e-07
4.1821945551526674e-07
4.1821945551526674e-07
4.1821945551526674e-07
4.1821945551526674e-07
4.1821945551526674e-07
4.1821945551526674e-07
4.1821945551526674e-07
4.1821945551526674e-07
4.1821945551526674e-07
4.1821945551526674e-07
4.1821945551526674e-07
4.1821945551526674e-07
4.796123798652165e-05
9.874054821997341e-05
0.00019121455620946083
6.02509002271068e-05
4.1821945551526674e-07
1.6449485304223922e-05
4.1821945551526674e-07
6.830505072691506e-05
6.385895442358655e-05
