0.18670490817500612
0.1709211184179717
0.11848716253505445
0.058625767763382394
0.05281813896994956
0.02432267790856343
0.02750809262164502
0.018513299834842904
0.01499332085241939
0.015154181334180505
0.003101453955822812
0.001814817020973844
0.0020928783546389725
0.0016061241963045575
3.200515897274475e-05
4.1821945551526674e-07
2.529808216878381e-05
4.1821945551526674e-07
4.1821945551526674e-07
4.1821945551526674e-07
4.1821945551526674e-07
4.1821945551526674e-07
4.1821945551526674e-07
4.1821945551526674e-07
4.1821945551526674e-07
4.1821945551526674e-07
4.1821945551526674e-07
4.1821945551526674e-07
4.1821945551526674e-07
4.1821945551526674e-07
4.1821945551526674e-07
4.1821945551526674e-07
4.1821945551526674e-07
4.1821945551526674e-07
4.1821945551526674e-07
4.1821945551526674e-07
4.1821945551526674e-07
4.1821945551526674e-07
4.1821945551526674e-07
4.1821945551526674e-07
4.1821945551526674e-07
4.1821945551526674e-07
4.1821945551526674e-07
4.1821945551526674e-07
4.1821945551526674e-07
4.1821945551526674e-07
4.1821945551526674e-07
4.1821945551526674e-07
4.1821945551526674e-07
4.1821945551526674e-07
4.1821945551526674e-07
4.1821945551526674e-07
4.1821945551526674e-07
4.1821945551526674e-07
4.1821945551526674e-07
4.1821945551526674e-07
4.1821945551526674e-07
0.0014587081515780988
0.004066834791828201
0.006627792874132964
0.0038546924760534894
0.001111172985349564
0.0003683801846117332
0.0002448957347829302
4.1821945551526674e-07
4.1821945551526674e-07
4.1821945551526674e-07
4.1821945551526674e-07
4.1821945551526674e-07
4.1821945551526674e-07
4.1821945551526674e-07
0.00011462861460091798
0.0001393471296450617
0.00030659595969815087
0.02424124117914736
0.048825275993444835
0.1052219945534455
0.08893999553406191
0.007707237859848668
0.0014386489910780133
0.0009382611694484275
1.6949692108200303e-05
4.1821945551526674e-07
4.1821945551526674e-07
4.1821945551526674e-07
4.1821945551526674e-07
4.1821945551526674e-07
4.1821945551526674e-07
4.1821945551526674e-07
4.1821945551526674e-07
4.1821945551526674e-07
4.1821945551526674e-07
4.1821945551526674e-07
4.1821945551526674e-07
4.1821945551526674e-07
4.1821945551526674e-07
4.1821945551526674e-07
2.5842029542925826e-05
4.1821945551526674e-07
4.1821945551526674e-07
2.0521199297108956e-05
9.430657331474499e-05
0.00022350420217859162
3.2582108786105586e-05
4.796123798652165e-05
2.529808216878381e-05
2.6937980440649776e-05
9.700563668069177e-06
3.3161891666773284e-05
1.398523749888997e-05
4.1821945551526674e-07
4.1821945551526674e-07
4.1821945551526674e-07
4.1821945551526674e-07
9.784529217673233e-05
6.497946417084116e-06
3.2582108786105586e-05
4.1821945551526674e-07
4.1821945551526674e-07
4.1821945551526674e-07
1.3016494535658117e-05
0.010978107529107326
0.0158129384710541
0.05063515487100516
0.12838071774012
0.18276689936709092
0.166432821463737
0.14281969456031343
0.09680265463042385
0.06163476383825993
0.05281813896994956
0.06038044858668244
0.018967839075865807
0.014109904468043888
0.009353989856909837
0.004923620725750318
0.002216202584700787
0.002139571173391089
0.0030753117837907444
0.0002020597020269302
7.521960187700902e-05
7.679718850208893e-05
0.0001459749809415802
4.1821945551526674e-07
4.1821945551526674e-07
4.1821945551526674e-07
4.1821945551526674e-07
4.1821945551526674e-07
4.1821945551526674e-07
4.1821945551526674e-07
4.1821945551526674e-07
4.1821945551526674e-07
4.1821945551526674e-07
4.1821945551526674e-07
4.1821945551526674e-07
4.1821945551526674e-07
4.1821945551526674e-07
4.1821945551526674e-07
4.1821945551526674e-07
4.1821945551526674e-07
4.1821945551526674e-07
4.1821945551526674e-07
4.1821945551526674e-07
4.1821945551526674e-07
4.1821945551526674e-07
4.1821945551526674e-07
4.1821945551526674e-07
4.1821945551526674e-07
4.1821945551526674e-07
4.1821945551526674e-07
4.1821945551526674e-07
4.1821945551526674e-07
4.1821945551526674e-07
4.1821945551526674e-07
4.1821945551526674e-07
4.1821945551526674e-07
4.1821945551526674e-07
4.1821945551526674e-07
4.1821945551526674e-07
4.1821945551526674e-07
4.1821945551526674e-07
4.1821945551526674e-07
4.1821945551526674e-07
4.1821945551526674e-07
4.1821945551526674e-07
4.1821945551526674e-07
4.1821945551526674e-07
4.1821945551526674e-07
4.1821945551526674e-07
0.00021474845638305248
0.0023154105509331363
0.009353989856909837
0.023998354013716475
0.03553974589661935
0.026790255092968573
0.009353989856909837
0.0004296176395219437
0.0011271951863774507
0.004671838789136497
0.0020652981691893623
0.0018229852200691528
0.009820855380996639
0.03165910589550484
0.14462053040327078
0.3513433004506804
0.5121485435520813
0.5859944721851383
0.7400197575246954
0.7885828151974965
0.7515362837810136
0.15580279641046074
0.022892702239990213
0.002558709374389707
0.00037051953720218495
4.1821945551526674e-07
5.8127525099462624e-05
4.1821945551526674e-07
4.1821945551526674e-07
4.1821945551526674e-07
4.1821945551526674e-07
4.1821945551526674e-07
4.1821945551526674e-07
4.1821945551526674e-07
4.1821945551526674e-07
4.1821945551526674e-07
4.1821945551526674e-07
4.1821945551526674e-07
4.1821945551526674e-07
4.1821945551526674e-07
4.1821945551526674e-07
4.1821945551526674e-07
4.1821945551526674e-07
4.1821945551526674e-07
4.1821945551526674e-07
4.1821945551526674e-07
4.1821945551526674e-07
4.1821945551526674e-07
4.1821945551526674e-07
4.1821945551526674e-07
4.1821945551526674e-07
4.1821945551526674e-07
4.1821945551526674e-07
4.1821945551526674e-07
4.1821945551526674e-07
4.1821945551526674e-07
4.1821945551526674e-07
4.1821945551526674e-07
4.1821945551526674e-07
4.1821945551526674e-07
4.1821945551526674e-07
4.1821945551526674e-07
4.1821945551526674e-07
4.1821945551526674e-07
4.1821945551526674e-07
4.1821945551526674e-07
4.1821945551526674e-07
4.1821945551526674e-07
4.1821945551526674e-07
4.1821945551526674e-07
4.1821945551526674e-07
4.1821945551526674e-07
4.1821945551526674e-07
4.1821945551526674e-07
4.1821945551526674e-07
4.1821945551526674e-07
4.1821945551526674e-07
4.1821945551526674e-07
4.1821945551526674e-07
4.1821945551526674e-07
4.1821945551526674e-07
4.1821945551526674e-07
4.1821945551526674e-07
4.1821945551526674e-07
4.1821945551526674e-07
4.1821945551526674e-07
4.1821945551526674e-07
4.1821945551526674e-07
4.1821945551526674e-07
4.1821945551526674e-07
4.1821945551526674e-07
4.1821945551526674e-07
4.1821945551526674e-07
4.1821945551526674e-07
4.1821945551526674e-07
4.1821945551526674e-07
0.0001682330409901979
0.0002561158892805798
0.0002727781110895458
0.0005178801959965072
0.0010044207236565553
4.537292195379592e-05
4.1821945551526674e-07
4.1821945551526674e-07
4.1821945551526674e-07
4.1821945551526674e-07
4.1821945551526674e-07
4.1821945551526674e-07
4.1821945551526674e-07
4.1821945551526674e-07
0.00011269231009596723
0.0022952593816588356
0.030449552891749852
0.07606477730060363
0.30670615679999064
0.18407244791157454
0.08183671402103106
0.035313898338726245
0.0016732067359430047
0.0009110714127946506
0.00014709785078284246
4.1821945551526674e-07
4.1821945551526674e-07
7.401631324762366e-06
4.1821945551526674e-07
4.1821945551526674e-07
5.603214164861691e-06
6.0494664229690885e-06
9.083464954458178e-05
0.00014374495584751581
0.00021474845638305248
2.749000873286707e-05
4.1821945551526674e-07
4.1821945551526674e-07
4.1821945551526674e-07
4.1821945551526674e-07
4.1821945551526674e-07
4.1821945551526674e-07
4.1821945551526674e-07
4.1821945551526674e-07
4.1821945551526674e-07
4.1821945551526674e-07
4.1821945551526674e-07
4.1821945551526674e-07
4.1821945551526674e-07
4.1821945551526674e-07
4.1821945551526674e-07
4.1821945551526674e-07
4.1821945551526674e-07
4.1821945551526674e-07
4.1821945551526674e-07
4.1821945551526674e-07
4.1821945551526674e-07
4.1821945551526674e-07
4.1821945551526674e-07
4.1821945551526674e-07
4.1821945551526674e-07
4.1821945551526674e-07
4.1821945551526674e-07
4.1821945551526674e-07
0.0012627495225946493
0.007246763033860225
0.05776461785512663
0.0684353295182932
0.07022986397431048
0.06533937089905799
0.04358634993802738
0.03762883615310178
0.0248994341230122
0.012894235276907903
0.010618850353611162
0.010080723829419325
0.005685346594435422
0.0032488114157565753
0.0055736195587775235
0.0005885718304898898
0.0003047427235255585
0.00020904403731025734
4.1821945551526674e-07
4.1821945551526674e-07
4.1821945551526674e-07
4.1821945551526674e-07
4.1821945551526674e-07
4.1821945551526674e-07
4.1821945551526674e-07
4.1821945551526674e-07
4.1821945551526674e-07
4.1821945551526674e-07
4.1821945551526674e-07
4.1821945551526674e-07
4.1821945551526674e-07
4.1821945551526674e-07
4.1821945551526674e-07
4.1821945551526674e-07
4.1821945551526674e-07
4.1821945551526674e-07
4.1821945551526674e-07
4.1821945551526674e-07
4.1821945551526674e-07
4.1821945551526674e-07
4.1821945551526674e-07
4.1821945551526674e-07
4.1821945551526674e-07
4.1821945551526674e-07
4.1821945551526674e-07
4.1821945551526674e-07
4.1821945551526674e-07
6.02509002271068e-05
0.0016282171729369635
0.005442138769660085
0.02228106708653217
0.03104924215473336
0.07563509901482979
0.13305889832618406
0.035653134449901806
0.022130405841100265
0.06458392719956976
0.1354481068050532
0.30354215455249145
0.4101645111524142
0.3485606385681393
0.6452471609244674
0.6921062638253795
0.7388002612011222
0.6949104786957324
0.7805274523430387
0.7839935396190574
0.7113932911634759
0.38963657405175944
0.05297706294421577
0.0011709028614675493
4.1821945551526674e-07
4.1821945551526674e-07
4.1821945551526674e-07
4.1821945551526674e-07
4.1821945551526674e-07
4.1821945551526674e-07
4.1821945551526674e-07
4.1821945551526674e-07
4.1821945551526674e-07
4.1821945551526674e-07
4.1821945551526674e-07
4.1821945551526674e-07
4.1821945551526674e-07
4.1821945551526674e-07
4.1821945551526674e-07
4.1821945551526674e-07
4.1821945551526674e-07
4.1821945551526674e-07
4.1821945551526674e-07
4.1821945551526674e-07
4.1821945551526674e-07
4.1821945551526674e-07
4.1821945551526674e-07
4.1821945551526674e-07
4.1821945551526674e-07
4.1821945551526674e-07
4.1821945551526674e-07
4.1821945551526674e-07
4.1821945551526674e-07
4.1821945551526674e-07
4.1821945551526674e-07
4.1821945551526674e-07
4.1821945551526674e-07
4.1821945551526674e-07
4.1821945551526674e-07
4.1821945551526674e-07
4.1821945551526674e-07
4.1821945551526674e-07
4.1821945551526674e-07
4.1821945551526674e-07
4.1821945551526674e-07
4.1821945551526674e-07
4.1821945551526674e-07
4.1821945551526674e-07
4.1821945551526674e-07
4.1821945551526674e-07
4.1821945551526674e-07
4.1821945551526674e-07
4.1821945551526674e-07
