0.19568735916628419
0.23596067697839662
0.14975785399661745
0.0793521602032483
0.04852902673760691
0.033551127034316175
0.03104924215473336
0.028899088551242375
0.030748134276038754
0.01794295263408353
0.0040169743030444285
0.004083577404007167
0.00235618484719601
0.0012806509170751551
0.0002744863654395842
0.0001276704928846307
7.443646904807915e-05
3.840275724441357e-06
4.1821945551526674e-07
4.1821945551526674e-07
4.1821945551526674e-07
4.1821945551526674e-07
4.1821945551526674e-07
4.1821945551526674e-07
4.1821945551526674e-07
4.1821945551526674e-07
4.1821945551526674e-07
4.1821945551526674e-07
4.1821945551526674e-07
4.1821945551526674e-07
2.5409593341837125e-06
8.080798729546087e-05
4.1821945551526674e-07
4.1821945551526674e-07
4.1821945551526674e-07
4.1821945551526674e-07
4.1821945551526674e-07
4.1821945551526674e-07
4.1821945551526674e-07
4.1821945551526674e-07
4.1821945551526674e-07
9.169643306447382e-05
0.00019931074202002955
7.600650273037106e-05
8.243940034545232e-05
7.288144023329351e-05
0.00012870722034053693
0.00021331249449299235
0.000308457574302207
0.00017821051264611893
0.00011077424712389733
4.1821945551526674e-07
4.1821945551526674e-07
4.1821945551526674e-07
4.1821945551526674e-07
4.1821945551526674e-07
4.1821945551526674e-07
4.1821945551526674e-07
4.1821945551526674e-07
4.1821945551526674e-07
4.1821945551526674e-07
4.1821945551526674e-07
4.1821945551526674e-07
4.1821945551526674e-07
5.603214164861691e-06
2.5842029542925826e-05
0.00041070214547882347
0.0014587081515780988
0.0035922102832444012
0.007648287406453735
0.011945645819064732
0.012987961055934827
0.009076595141458685
0.006810980738864267
0.01598151731797469
0.01769445710892179
0.01916561806684785
0.01451973663085122
0.010579584154377887
0.008906962037410326
0.008806541449961727
0.00963889665079164
0.009076595141458685
0.009675046833120564
0.013082288792016523
0.047941099961797615
0.07649647371356526
0.06291083866415542
0.0357668337491767
0.01451973663085122
0.010043229771674803
0.0045410861370690616
0.0055736195587775235
0.0038706528050766686
0.0012987729931373108
0.0007350896353687716
0.0004248258015285538
0.0005611947065115004
0.0003374112910335575
0.00012155167244851496
4.1821945551526674e-07
4.1821945551526674e-07
4.1821945551526674e-07
4.1821945551526674e-07
4.1821945551526674e-07
4.1821945551526674e-07
4.1821945551526674e-07
4.1821945551526674e-07
2.3682204830817788e-05
3.491836899647325e-05
0.0005234931781946105
0.0005435286923250356
0.00037051953720218495
0.0002294767719938451
0.00034750414317488595
0.0007654509217765763
0.0008672494103550535
0.000989916526372145
0.00465295623504171
0.01916561806684785
0.017266857435946494
0.002580902805480485
0.0008715491555106396
0.0004320294927018021
0.00011365817210826585
3.0291178746524636e-05
4.1821945551526674e-07
4.1821945551526674e-07
4.993576321616549e-05
2.749000873286707e-05
4.1821945551526674e-07
4.1821945551526674e-07
4.1821945551526674e-07
1.0636248147226564e-05
0.00018463723327818477
4.473367325742414e-05
0.0006601535047763028
0.0017744586042466746
0.001734894017442299
0.019033565640216746
0.04121599756410664
0.07780373941923341
0.09918848513626485
0.08918520505135687
0.06163476383825993
0.05393911080009153
0.06571985162630051
0.0638357968422334
0.06364990083383339
0.1043821728526653
0.0793521602032483
0.08275592762889232
0.07693019502090834
0.043049797735559885
0.03409366777308265
0.04838147470694505
0.06552938067292287
0.03280407266906129
0.0071079839141605546
0.0033178329878246187
0.0002676996508035356
7.134128251298491e-05
2.3682204830817788e-05
4.1821945551526674e-07
4.1821945551526674e-07
4.1821945551526674e-07
4.1821945551526674e-07
4.1821945551526674e-07
4.1821945551526674e-07
4.1821945551526674e-07
4.1821945551526674e-07
4.1821945551526674e-07
4.1821945551526674e-07
4.1821945551526674e-07
4.1821945551526674e-07
4.1821945551526674e-07
4.1821945551526674e-07
4.1821945551526674e-07
4.1821945551526674e-07
4.1821945551526674e-07
4.1821945551526674e-07
4.1821945551526674e-07
4.1821945551526674e-07
4.1821945551526674e-07
4.1821945551526674e-07
4.1821945551526674e-07
4.1821945551526674e-07
4.1821945551526674e-07
4.1821945551526674e-07
4.1821945551526674e-07
4.1821945551526674e-07
4.1821945551526674e-07
4.1821945551526674e-07
4.1821945551526674e-07
4.1821945551526674e-07
4.1821945551526674e-07
4.1821945551526674e-07
4.1821945551526674e-07
4.1821945551526674e-07
1.6449485304223922e-05
3.973024358103057e-05
2.529808216878381e-05
0.00011955024406565493
0.00019794574759606317
0.00041536839553868796
0.0004060770801437846
0.00032754228984960423
0.0007350896353687716
0.0007693192390129263
0.0008544582991248565
0.004134175380177595
0.005420496772491044
0.0032215635279405626
0.0024502681563288702
0.009857611200204496
0.013809266722141444
0.01744898955359957
0.029859901542760667
0.021028527314593717
0.012344340119814405
0.00702585881647299
0.005961695148107732
0.0062010823205501005
0.004467847636055881
0.002922543370001297
0.0028124450867312942
0.0021775879297759155
0.0023154105509331363
0.007736864654712764
0.01351430088356144
0.02778155103096404
0.05691412873436788
0.09523820693305564
0.046355380987650914
0.024816318623066904
0.0004542220473359817
0.00021764026301633705
5.534386022694787e-05
0.00011077424712389733
7.288144023329351e-05
0.00016458615465068615
2.1564498780108763e-05
4.1821945551526674e-07
4.1821945551526674e-07
4.1821945551526674e-07
4.1821945551526674e-07
4.1821945551526674e-07
4.1821945551526674e-07
4.1821945551526674e-07
4.1821945551526674e-07
4.1821945551526674e-07
4.1821945551526674e-07
4.1821945551526674e-07
4.1821945551526674e-07
4.1821945551526674e-07
4.1821945551526674e-07
4.1821945551526674e-07
4.1821945551526674e-07
4.1821945551526674e-07
4.1821945551526674e-07
4.1821945551526674e-07
4.1821945551526674e-07
4.1821945551526674e-07
4.1821945551526674e-07
4.1821945551526674e-07
4.1821945551526674e-07
4.1821945551526674e-07
4.1821945551526674e-07
4.1821945551526674e-07
4.1821945551526674e-07
4.1821945551526674e-07
4.1821945551526674e-07
4.1821945551526674e-07
4.1821945551526674e-07
4.1821945551526674e-07
4.1821945551526674e-07
4.1821945551526674e-07
4.1821945551526674e-07
4.1821945551526674e-07
4.1821945551526674e-07
4.1821945551526674e-07
4.1821945551526674e-07
4.1821945551526674e-07
4.1821945551526674e-07
4.1821945551526674e-07
4.1821945551526674e-07
4.1821945551526674e-07
4.1821945551526674e-07
4.1821945551526674e-07
6.02509002271068e-05
0.00011173100844669806
0.0003394118050657009
0.00010236444348611713
0.0003924456563210816
0.00029741286861591893
0.0005493662218883016
0.0002279733441721462
9.236195326068331e-06
4.1821945551526674e-07
4.1821945551526674e-07
4.1821945551526674e-07
4.1821945551526674e-07
4.1821945551526674e-07
0.00016458615465068615
0.0002279733441721462
0.0006499883264002561
0.002083648922144672
0.007387953200404283
0.0074738396751538125
0.016438820903522364
0.13373809723448035
0.11910646888518094
0.19706251573841224
0.08321871139631033
0.0021680280144728147
0.000653362167384441
0.0004467264304891549
0.0005263180957454422
0.00047470109744106635
0.0007654509217765763
0.0005234931781946105
0.0003314633237433007
0.00020904403731025734
0.0004517124903135617
0.0023255449252111257
0.0019150021990455679
0.0021775879297759155
0.0018979728428437986
0.0017192872896510238
0.0013544880551919598
0.0014858346772921081
0.0020652981691893623
0.003518109665249917
0.0019321665013298404
0.001233397655981201
0.000653362167384441
0.0007693192390129263
0.0009474773036815275
0.0007239682548237936
0.000656750541082985
0.0007166326897645051
0.0015770771019588212
0.001379912648281429
0.0011006012863365347
0.00123922006762104
0.0008587040512945132
0.0008048828978411115
0.0005493662218883016
0.0006773891920780051
0.0010240436120892652
0.0009021591095687292
0.00047210165104128615
0.0005377417627940676
0.000694998337551608
0.0004517124903135617
0.000308457574302207
0.00034750414317488595
0.0003662503572543451
0.0004878708852915705
0.0005435286923250356
0.001286666967811144
0.001009295867875269
0.0008129718320947321
0.0008129718320947321
0.0011820565635687714
0.0010141913458926821
0.001256831009283534
0.001268692284931326
0.0014587081515780988
0.0018895084707577679
0.0013171182131978692
0.00035574273565322127
0.0004060770801437846
0.0004442498386152374
0.0005523040883263442
0.0003662503572543451
0.0002676996508035356
0.00011077424712389733
0.00010328123033177369
0.00016338180356205767
0.00031789255186428415
0.0005291553633535824
0.0013109781930799678
0.0003414213099737274
0.0002294767719938451
0.00011269231009596723
8.326098202658756e-05
0.0004130301013945983
0.0008460203056030955
0.001734894017442299
0.0015627274584292538
0.0015273538706807768
0.001292707629431915
0.0012987729931373108
0.0012275990476002978
0.0013171182131978692
0.0013048631504227427
0.0013992538697137854
0.0011379873867694828
0.0008418279273899678
0.0007889091340046143
0.0006601535047763028
0.0007276595825308322
0.0011006012863365347
0.001432016501392575
0.0019494667108922695
0.0013232833031632373
0.0016884445331398254
0.0015343718000682802
0.0014790119279027001
0.0014453083636109644
0.001009295867875269
0.001132580157870841
0.0007615990090987066
0.0005150920331559348
0.0008252342856446661
0.0007388284839669272
0.00278848665709045
0.0017905059144489725
0.0010044207236565553
0.0005948019917762669
0.0010191072348358014
0.0010240436120892652
0.0008376532040222524
0.00041536839553868796
0.0002610352081605856
0.00031789255186428415
0.00024966053426639015
0.001216072887755613
0.004578106139546013
0.01147387012962292
0.021390367810848406
0.07309903183437604
0.10635024779162679
0.12674197719671063
0.06496073160893169
0.06458392719956976
0.047941099961797615
0.038469243337926846
0.06272719951825492
0.08604032347168299
0.08092592669324342
0.0684353295182932
0.057593670346867396
0.061454250193911285
0.05557527323697445
0.059497678020733274
0.033443515868228274
0.02814982684644937
0.12871047820510578
0.2526799151628156
0.2905040792473603
0.30354215455249145
0.008414858717085034
0.0042718531297889495
0.002776575758569682
0.003984038118237572
0.0033178329878246187
0.0032488114157565753
0.0040501535367717945
0.006627792874132964
0.009042440442067222
0.007560615088049959
0.0062499767732257265
0.005104963926303597
0.004306906337175893
0.004825381725251129
0.006917675543123764
0.0036829685662954485
0.0037757692001037734
0.002897750601766622
0.0034023842833373064
0.0019756739685359934
0.001513402474356145
0.0008418279273899678
0.0009995658363664576
0.0010290005552960541
0.0018559835865508225
0.001984478726186092
0.001814817020973844
0.0018066811471191301
0.001665633348461932
0.0021680280144728147
0.0022952593816588356
0.00235618484719601
0.001079718382396084
0.0013232833031632373
0.0012806509170751551
0.001643093923662244
0.002255423560616552
0.0018643151532579132
0.001105876213862849
0.0015698878756208125
0.0015203641295567913
0.001079718382396084
0.0009245808409419406
0.0013356890636777683
0.0018895084707577679
0.0013109781930799678
0.0025366858851971295
0.0025148311732406162
0.0016134590444200152
0.0013481962197057977
0.0023871828582324056
0.0016134590444200152
0.0008802031245002676
0.0007239682548237936
0.0012509366552643428
0.0011989599745777168
0.001734894017442299
0.003331793286544015
0.0036524908640808737
0.002603267349985465
0.002998060147629564
0.0009155556871907062
0.0001621830508161896
0.0001393471296450617
0.001233397655981201
0.0011989599745777168
0.0010290005552960541
