0.1127315022082311
0.0931843915163479
0.05557527323697445
0.013661080510422365
0.008100385441667206
0.00496341407004287
0.004596717078610385
0.0026258041863053165
0.0028244929282907755
0.00278848665709045
0.0014587081515780988
0.0005948019917762669
0.0007577634374066777
0.0007057461532181393
0.0006399534299313105
0.000501332553446879
0.0004248258015285538
0.0001307953730917737
6.0965559969700685e-05
1.0636248147226564e-05
2.1564498780108763e-05
0.00011560365777229908
6.313036111282722e-05
4.1821945551526674e-07
4.1821945551526674e-07
4.1821945551526674e-07
4.1821945551526674e-07
4.1821945551526674e-07
4.1821945551526674e-07
4.1821945551526674e-07
4.1821945551526674e-07
4.1821945551526674e-07
4.1821945551526674e-07
4.1821945551526674e-07
4.1821945551526674e-07
4.1821945551526674e-07
4.1821945551526674e-07
4.1821945551526674e-07
4.1821945551526674e-07
4.1821945551526674e-07
4.1821945551526674e-07
4.1821945551526674e-07
4.1821945551526674e-07
4.1821945551526674e-07
4.1821945551526674e-07
4.1821945551526674e-07
4.1821945551526674e-07
4.1821945551526674e-07
4.1821945551526674e-07
4.1821945551526674e-07
4.1821945551526674e-07
4.1821945551526674e-07
4.1821945551526674e-07
4.1821945551526674e-07
4.1821945551526674e-07
4.1821945551526674e-07
4.1821945551526674e-07
0.0003028978309597897
0.0008334960676498367
0.0012627495225946493
0.002139571173391089
0.005292251718020012
0.00520826798387765
0.0040169743030444285
0.0016580901562959934
0.0008715491555106396
0.0005671864815479923
0.0006704505116466833
0.0006202683771225451
0.0006914462789859401
0.0007539441433465716
0.0011218323890546786
0.0014858346772921081
0.005104963926303597
0.09732876205031896
0.29604234464047086
0.33758011596737725
0.08368362227391006
0.0020290255764019187
0.0023871828582324056
0.002056176595653847
0.001233397655981201
0.0009336819500010559
0.00035574273565322127
0.0002610352081605856
0.00018856534715428416
7.134128251298491e-05
6.497946417084116e-06
1.0636248147226564e-05
4.1821945551526674e-07
4.1821945551526674e-07
4.1821945551526674e-07
4.1821945551526674e-07
4.1821945551526674e-07
4.1821945551526674e-07
4.1821945551526674e-07
4.1821945551526674e-07
4.1821945551526674e-07
4.1821945551526674e-07
4.1821945551526674e-07
4.1821945551526674e-07
4.1821945551526674e-07
4.1821945551526674e-07
4.1821945551526674e-07
2.1564498780108763e-05
0.00010699220717677692
0.00010512791409933538
9.518494464757733e-05
0.00011855659456442669
8.997696714995678e-05
7.999812108526679e-05
5.672895762444332e-05
5.883189825385341e-05
1.2535711790445848e-05
0.0001393471296450617
0.00010145200098041932
8.080798729546087e-05
8.827383307993124e-05
0.00015394651779406768
0.0003454674415668823
0.0008502304067433799
0.005662842484725026
0.005822056691468791
0.009076595141458685
0.008319394650166083
0.0074164837438903996
0.0034598150478597866
0.002149019766305547
0.0048059454493185735
0.005356031336687949
0.004033533439957808
0.002947525028008703
0.0014790119279027001
0.0016580901562959934
0.0015414180203839048
0.0020290255764019187
0.0005793271690282299
0.0008802031245002676
0.0020744555692377925
0.001221824154191636
0.0001820486535206696
4.601528854671915e-05
4.1821945551526674e-07
4.1821945551526674e-07
4.1821945551526674e-07
4.1821945551526674e-07
4.1821945551526674e-07
4.1821945551526674e-07
4.1821945551526674e-07
4.1821945551526674e-07
4.1821945551526674e-07
4.1821945551526674e-07
4.1821945551526674e-07
4.1821945551526674e-07
4.1821945551526674e-07
4.1821945551526674e-07
4.1821945551526674e-07
4.1821945551526674e-07
4.1821945551526674e-07
4.1821945551526674e-07
4.1821945551526674e-07
4.1821945551526674e-07
4.1821945551526674e-07
4.1821945551526674e-07
4.1821945551526674e-07
4.1821945551526674e-07
4.1821945551526674e-07
4.1821945551526674e-07
4.1821945551526674e-07
4.1821945551526674e-07
4.1821945551526674e-07
4.1821945551526674e-07
4.1821945551526674e-07
4.1821945551526674e-07
4.1821945551526674e-07
4.1821945551526674e-07
4.1821945551526674e-07
4.1821945551526674e-07
4.1821945551526674e-07
4.1821945551526674e-07
4.1821945551526674e-07
4.1821945551526674e-07
4.1821945551526674e-07
4.1821945551526674e-07
4.1821945551526674e-07
4.1821945551526674e-07
4.1821945551526674e-07
4.1821945551526674e-07
4.1821945551526674e-07
4.1821945551526674e-07
4.1821945551526674e-07
0.0001297488399264648
0.002047090722668239
0.0042718531297889495
0.00605644129775122
0.008131354686000633
0.0037446062340122706
0.003181073922080564
0.006128380824829277
0.013611998240669197
0.011431811604343287
0.02416004199763216
0.03217519717774409
0.05828002214262375
0.2230828417732585
0.3328515168296373
0.41794228196265465
0.5949150518271675
0.5752565859679171
0.3669169985569871
0.009820855380996639
0.0068908629982372405
0.007502665649600592
0.007560615088049959
0.0014254107963574383
0.0004905396802356355
0.00023250437361164045
0.00010054388364771395
6.905863929706567e-05
0.0002020597020269302
0.00017948396323348096
2.6937980440649776e-05
2.529808216878381e-05
4.1821945551526674e-07
1.016724434801614e-05
8.408650382495522e-05
8.162174125383187e-05
0.00010420238076200091
4.346447305630869e-05
7.057673880861431e-05
7.210951080430608e-05
9.518494464757733e-05
0.00013396466984619265
9.96400723984018e-05
0.00011756762735174486
0.00014374495584751581
0.0002104603129225877
0.00025938796284476434
0.0004542220473359817
4.1821945551526674e-07
6.0494664229690885e-06
5.15917927094416e-06
9.784529217673233e-05
0.000169460028946329
0.00013826050530950476
2.3148859973065797e-05
0.00011269231009596723
6.168367960567218e-05
3.085970681754776e-05
4.1821945551526674e-07
2.9719053644181457e-06
4.1821945551526674e-07
4.1821945551526674e-07
6.948664563820461e-06
2.9719053644181457e-06
4.1821945551526674e-07
4.1821945551526674e-07
4.1821945551526674e-07
4.1821945551526674e-07
4.1821945551526674e-07
4.1821945551526674e-07
4.1821945551526674e-07
4.537292195379592e-05
4.1821945551526674e-07
4.1821945551526674e-07
4.1821945551526674e-07
4.1821945551526674e-07
4.1821945551526674e-07
4.1821945551526674e-07
4.1821945551526674e-07
4.1821945551526674e-07
4.1821945551526674e-07
4.1821945551526674e-07
4.1821945551526674e-07
4.1821945551526674e-07
4.1821945551526674e-07
4.1821945551526674e-07
4.1821945551526674e-07
4.1821945551526674e-07
4.1821945551526674e-07
4.1821945551526674e-07
4.1821945551526674e-07
4.1821945551526674e-07
4.1821945551526674e-07
3.730079673663818e-05
0.00032365633711590086
0.0011764682459082204
0.0018066811471191301
0.004431625730112061
0.006348799419033278
0.004431625730112061
0.0035772796495436945
0.004728898006598107
0.0024502681563288702
0.0011164916829414606
0.0008048828978411115
0.0005793271690282299
0.0009661424158774787
0.000680880909922902
0.002111445967228366
0.004467847636055881
0.009495493432057115
0.01684836625327007
0.020530946857447573
0.0033458059853846097
0.0028609128320069323
0.004033533439957808
0.003791437376662065
0.011306454758031572
0.011643478914778757
0.003518109665249917
0.001513402474356145
0.0006042488837659213
0.0006399534299313105
0.001210345160578955
0.0009803473280432622
0.0005291553633535824
0.00041070214547882347
0.00042721642352334753
0.0002249870883307202
0.0002660221573319983
9.606750913543733e-05
8.997696714995678e-05
8.162174125383187e-05
6.981586320836901e-05
4.1821945551526674e-07
4.1821945551526674e-07
4.1821945551526674e-07
4.1821945551526674e-07
4.1821945551526674e-07
4.1821945551526674e-07
4.1821945551526674e-07
4.1821945551526674e-07
4.1821945551526674e-07
4.1821945551526674e-07
7.401631324762366e-06
3.200515897274475e-05
2.9162454700535683e-05
4.1821945551526674e-07
4.1821945551526674e-07
4.1821945551526674e-07
4.1821945551526674e-07
4.1821945551526674e-07
3.85095889862212e-05
8.314352761504461e-06
0.00011365817210826585
0.00031980517575135476
0.0003946924086154945
0.0002920017575511931
0.00047470109744106635
0.0009066059107993605
0.0016134590444200152
0.0028731454489136637
0.0039676606763426716
0.015316561255320767
0.02506639203283998
0.016381035309930944
0.07802340166904968
0.033336202163607775
0.013908844580335337
0.018513299834842904
0.00411724749795121
0.0046153955967263485
0.02750809262164502
0.006653690416724425
0.006917675543123764
0.001680810427726234
0.00022350420217859162
4.1821945551526674e-07
4.1821945551526674e-07
4.1821945551526674e-07
4.1821945551526674e-07
4.1821945551526674e-07
4.1821945551526674e-07
4.1821945551526674e-07
4.1821945551526674e-07
4.1821945551526674e-07
4.1821945551526674e-07
4.1821945551526674e-07
4.1821945551526674e-07
4.1821945551526674e-07
4.1821945551526674e-07
4.1821945551526674e-07
4.1821945551526674e-07
4.1821945551526674e-07
4.1821945551526674e-07
4.1821945551526674e-07
4.1821945551526674e-07
4.1821945551526674e-07
4.1821945551526674e-07
4.1821945551526674e-07
4.1821945551526674e-07
4.1821945551526674e-07
4.1821945551526674e-07
4.1821945551526674e-07
4.1821945551526674e-07
0.00021619103647832667
0.0006010862946793585
0.000742583296686175
0.002682907849535136
0.004903831163202014
0.006653690416724425
0.021831749936743177
0.08415066711865615
0.09627886426687132
0.1043821728526653
0.14680502752552171
0.1512515994211929
0.2097699677546399
0.18233329397501713
0.2256156768085814
0.16362445705188947
0.2571314000972158
0.3513433004506804
0.47079319112858026
0.23438701820396007
0.0802483330502932
0.005064157628781635
0.000441784146321633
0.00023555983274114556
0.0001731754152823745
3.670081527016355e-05
4.1821945551526674e-07
4.1821945551526674e-07
4.1821945551526674e-07
4.1821945551526674e-07
4.1821945551526674e-07
4.1821945551526674e-07
4.1821945551526674e-07
4.1821945551526674e-07
4.1821945551526674e-07
4.1821945551526674e-07
4.1821945551526674e-07
2.3682204830817788e-05
5.126818191248138e-05
4.1821945551526674e-07
4.1821945551526674e-07
4.1821945551526674e-07
4.277720311343643e-06
4.1821945551526674e-07
4.1821945551526674e-07
4.1821945551526674e-07
4.1821945551526674e-07
4.1821945551526674e-07
4.1821945551526674e-07
4.1821945551526674e-07
4.1821945551526674e-07
4.1821945551526674e-07
4.1821945551526674e-07
4.1821945551526674e-07
4.1821945551526674e-07
4.1821945551526674e-07
4.1821945551526674e-07
4.1821945551526674e-07
4.1821945551526674e-07
4.1821945551526674e-07
4.1821945551526674e-07
4.1821945551526674e-07
4.1821945551526674e-07
4.1821945551526674e-07
4.1821945551526674e-07
4.1821945551526674e-07
4.1821945551526674e-07
4.1821945551526674e-07
4.1821945551526674e-07
4.1821945551526674e-07
4.1821945551526674e-07
4.1821945551526674e-07
4.1821945551526674e-07
