0.12447575744777349
0.1206660720754245
0.10863607483126267
0.042124381009796596
0.023360991166509474
0.012121413137375041
0.006373721983397192
0.007387953200404283
0.005595806755307587
0.003331793286544015
0.0013927806258988212
0.0012987729931373108
0.0010901166359383653
0.0011653603247968223
0.00035160500637010464
0.00016579612833594138
9.874054821997341e-05
7.521960187700902e-05
5.465632490595088e-05
4.1821945551526674e-07
4.1821945551526674e-07
4.1821945551526674e-07
4.1821945551526674e-07
4.1821945551526674e-07
4.1821945551526674e-07
4.1821945551526674e-07
4.1821945551526674e-07
4.1821945551526674e-07
4.1821945551526674e-07
4.1821945551526674e-07
4.1821945551526674e-07
4.1821945551526674e-07
4.1821945551526674e-07
4.1821945551526674e-07
4.1821945551526674e-07
4.1821945551526674e-07
4.1821945551526674e-07
4.1821945551526674e-07
4.1821945551526674e-07
4.1821945551526674e-07
4.1821945551526674e-07
4.1821945551526674e-07
4.1821945551526674e-07
4.1821945551526674e-07
4.1821945551526674e-07
4.1821945551526674e-07
3.1431029280470095e-05
0.0002020597020269302
0.00017948396323348096
0.0002118831226795302
0.00018856534715428416
5.8127525099462624e-05
4.1821945551526674e-07
4.1821945551526674e-07
4.1821945551526674e-07
4.1821945551526674e-07
4.1821945551526674e-07
4.1821945551526674e-07
4.1821945551526674e-07
4.1821945551526674e-07
4.1821945551526674e-07
4.1821945551526674e-07
4.1821945551526674e-07
4.1821945551526674e-07
4.1821945551526674e-07
4.1821945551526674e-07
4.1821945551526674e-07
4.1821945551526674e-07
4.1821945551526674e-07
4.1821945551526674e-07
4.1821945551526674e-07
0.0008544582991248565
0.01221015252713208
0.008806541449961727
0.011815305553728974
0.006944581116478646
0.005985256754639018
0.0058451249422135435
0.0027647101980360672
0.0042197512019429475
0.0015343718000682802
0.0028004430481458832
0.0011164916829414606
0.0013992538697137854
0.0014254107963574383
0.0020652981691893623
0.0008460203056030955
0.00020483413783674347
0.00021331249449299235
0.00016458615465068615
0.00011560365777229908
2.0521199297108956e-05
0.00012561162899256146
4.1821945551526674e-07
4.1821945551526674e-07
4.1821945551526674e-07
4.1821945551526674e-07
4.1821945551526674e-07
4.1821945551526674e-07
4.1821945551526674e-07
4.1821945551526674e-07
4.1821945551526674e-07
4.1821945551526674e-07
4.1821945551526674e-07
4.1821945551526674e-07
4.1821945551526674e-07
4.1821945551526674e-07
4.1821945551526674e-07
4.1821945551526674e-07
4.1821945551526674e-07
4.1821945551526674e-07
4.1821945551526674e-07
4.1821945551526674e-07
4.1821945551526674e-07
4.1821945551526674e-07
4.1821945551526674e-07
4.1821945551526674e-07
4.1821945551526674e-07
3.3161891666773284e-05
8.658688627788707e-05
4.1821945551526674e-07
4.1821945551526674e-07
4.1821945551526674e-07
4.1821945551526674e-07
4.1821945551526674e-07
4.1821945551526674e-07
4.1821945551526674e-07
4.1821945551526674e-07
4.1821945551526674e-07
4.1821945551526674e-07
4.1821945551526674e-07
4.1821945551526674e-07
4.1821945551526674e-07
4.1821945551526674e-07
4.1821945551526674e-07
4.1821945551526674e-07
4.1821945551526674e-07
4.1821945551526674e-07
4.1821945551526674e-07
4.1821945551526674e-07
4.1821945551526674e-07
4.1821945551526674e-07
4.1821945551526674e-07
4.1821945551526674e-07
4.1821945551526674e-07
4.1821945551526674e-07
4.1821945551526674e-07
4.1821945551526674e-07
0.00034750414317488595
0.02375758951739788
0.02824255423092406
0.035880844467858636
0.021244983736158796
0.030055345050572738
0.024982791734738385
0.039947368706159704
0.023598251607794156
0.0036071965376023056
0.001292707629431915
0.0008211295054639289
0.000570201933059511
9.343237658118814e-05
8.574943824308297e-05
5.397211174822401e-05
1.9488141962042586e-05
4.346447305630869e-05
2.860223332022215e-05
5.397211174822401e-05
9.695428540951934e-05
8.742834526053635e-05
4.1821945551526674e-07
0.0001598022438133534
0.00035160500637010464
0.00032754228984960423
8.314352761504461e-06
4.1821945551526674e-07
4.1821945551526674e-07
4.1821945551526674e-07
4.1821945551526674e-07
4.1821945551526674e-07
4.1821945551526674e-07
4.1821945551526674e-07
4.1821945551526674e-07
4.1821945551526674e-07
4.1821945551526674e-07
4.1821945551526674e-07
4.1821945551526674e-07
4.1821945551526674e-07
4.1821945551526674e-07
4.1821945551526674e-07
4.1821945551526674e-07
4.1821945551526674e-07
2.2618135368530962e-05
1.5951746064151342e-05
6.680871455440406e-05
1.6949692108200303e-05
8.774128586905785e-06
3.0291178746524636e-05
6.532672524703607e-05
6.981586320836901e-05
1.398523749888997e-05
4.277720311343643e-06
3.491836899647325e-05
6.313036111282722e-05
5.397211174822401e-05
1.2535711790445848e-05
2.5842029542925826e-05
9.874054821997341e-05
0.00015049816406288805
9.874054821997341e-05
4.1821945551526674e-07
4.1821945551526674e-07
7.919212530911115e-05
4.1821945551526674e-07
0.0001393471296450617
0.00028490023520555223
0.00020068205114377293
0.0015555957460850081
0.0003924456563210816
0.0003946924086154945
0.0007093595048953729
0.0009336819500010559
0.0006333351213711274
0.00019931074202002955
0.0002610352081605856
0.00033541973076333656
0.00014709785078284246
0.00014153573219890015
7.759167615548442e-05
1.3016494535658117e-05
5.534386022694787e-05
9.700563668069177e-06
0.00031980517575135476
4.1821945551526674e-07
4.1821945551526674e-07
4.1821945551526674e-07
4.1821945551526674e-07
4.1821945551526674e-07
4.1821945551526674e-07
4.1821945551526674e-07
4.1821945551526674e-07
4.1821945551526674e-07
4.1821945551526674e-07
4.1821945551526674e-07
4.1821945551526674e-07
4.1821945551526674e-07
4.1821945551526674e-07
4.1821945551526674e-07
4.1821945551526674e-07
4.1821945551526674e-07
4.1821945551526674e-07
4.1821945551526674e-07
4.1821945551526674e-07
4.1821945551526674e-07
4.1821945551526674e-07
4.1821945551526674e-07
4.1821945551526674e-07
4.1821945551526674e-07
4.1821945551526674e-07
4.1821945551526674e-07
4.1821945551526674e-07
4.1821945551526674e-07
4.1821945551526674e-07
4.1821945551526674e-07
4.1821945551526674e-07
4.1821945551526674e-07
4.1821945551526674e-07
4.1821945551526674e-07
4.1821945551526674e-07
4.1821945551526674e-07
4.1821945551526674e-07
4.1821945551526674e-07
4.1821945551526674e-07
4.1821945551526674e-07
4.1821945551526674e-07
4.1821945551526674e-07
4.1821945551526674e-07
4.1821945551526674e-07
4.1821945551526674e-07
4.1821945551526674e-07
4.1821945551526674e-07
4.1821945551526674e-07
4.1821945551526674e-07
4.1821945551526674e-07
4.1821945551526674e-07
4.1821945551526674e-07
4.1821945551526674e-07
4.1821945551526674e-07
4.1821945551526674e-07
9.96400723984018e-05
5.8127525099462624e-05
4.1821945551526674e-07
0.0009661424158774787
0.014160568625864513
0.08321871139631033
0.3873982296109166
0.5571762087101471
0.5196549001470457
0.3604908543768252
0.06496073160893169
0.013368916535361201
0.002752889821388912
0.0014453083636109644
0.00026268996787294355
0.0001872499086963001
0.00031789255186428415
0.0001276704928846307
0.00026938478612209435
0.00012458945008389163
0.0002676996508035356
0.0008977309377083141
0.0002370980828777443
5.603214164861691e-06
4.1821945551526674e-07
4.1821945551526674e-07
1.3499666068525922e-05
4.0345053192032316e-05
0.0001276704928846307
0.0003683801846117332
0.000694998337551608
0.00026268996787294355
0.0004130301013945983
0.00033343708727926277
0.0008293564506535819
0.0015414180203839048
0.001216072887755613
0.0019933181903444203
0.001233397655981201
0.0019150021990455679
0.001432016501392575
0.0026713994826009653
0.002947525028008703
0.0033458059853846097
0.0036524908640808737
0.004596717078610385
0.0034888536583252924
0.004377784795141642
0.004202510508154393
0.0024396521470343145
0.0015064688030622597
0.0014790119279027001
0.0009474773036815275
0.000792877225945585
0.000687909394369356
0.0007693192390129263
0.0009755925812878291
0.0011933023417513887
0.0008170420431812172
0.0005377417627940676
0.0004905396802356355
0.0007388284839669272
0.00023555983274114556
0.0006333351213711274
0.0009336819500010559
0.0008587040512945132
0.00041070214547882347
0.00015510675328657192
4.1821945551526674e-07
4.1821945551526674e-07
4.1821945551526674e-07
4.1821945551526674e-07
4.1821945551526674e-07
9.236195326068331e-06
6.948664563820461e-06
6.168367960567218e-05
6.606593459121625e-05
0.0002528734961339983
0.00036413001603403515
0.00047731198571059345
0.0002249870883307202
0.00022350420217859162
0.0003879820059015201
0.00024806501272491634
0.00019794574759606317
0.00023250437361164045
0.00016701174896730338
0.0001820486535206696
0.0001586201415237477
0.00011173100844669806
0.00016579612833594138
0.000308457574302207
0.0004905396802356355
6.313036111282722e-05
4.1821945551526674e-07
2.0003396264418724e-05
3.1431029280470095e-05
4.1821945551526674e-07
3.491836899647325e-05
6.680871455440406e-05
0.00020068205114377293
0.00020068205114377293
0.00010982200617147932
6.680871455440406e-05
0.00017069273747401294
0.0001493594193483699
0.0002831448609834668
0.0002448957347829302
0.00036413001603403515
0.00040149286469402443
0.0005464411068189754
0.0007849578326866455
0.001221824154191636
0.0018394190568042593
0.002682907849535136
0.000961446847291135
0.001043995560956266
0.0008889301977246149
0.0013232833031632373
0.0011989599745777168
0.0008089188057303779
0.00012255949279482532
0.00015510675328657192
0.0002118831226795302
8.574943824308297e-05
4.1821945551526674e-07
4.1821945551526674e-07
4.1821945551526674e-07
4.1821945551526674e-07
4.1821945551526674e-07
4.1821945551526674e-07
4.1821945551526674e-07
9.430657331474499e-05
0.00029021430607381046
0.0007350896353687716
0.0001459749809415802
0.0003454674415668823
0.0008587040512945132
0.0010745514519462358
0.00024966053426639015
0.0007463541357962739
0.0032215635279405626
0.017756295908631183
0.42581446871990064
0.5769368862399034
0.6363676772276341
0.591157388145132
0.563118317943613
0.4040103210881749
0.2302284788505617
0.16562665317771288
0.1709211184179717
0.1206660720754245
0.03932568085771594
0.02448626628116568
0.019974925367623454
0.013177221757724856
0.005356031336687949
0.0025366858851971295
0.0016580901562959934
0.00761896314999682
0.0034023842833373064
0.0013294735556615524
0.000646628961050359
0.0002762023910397479
0.00041070214547882347
0.0002676996508035356
0.00037917298689933097
0.0002370980828777443
0.00017948396323348096
0.00037917298689933097
0.0004320294927018021
0.0006170367566425887
0.0005916801702416853
0.0006138190518854449
0.000501332553446879
0.0003857650264925249
0.00022350420217859162
0.0003394118050657009
0.00013717896926209862
0.00023250437361164045
7.521960187700902e-05
0.00016338180356205767
5.397211174822401e-05
0.00013396466984619265
2.1564498780108763e-05
4.1821945551526674e-07
4.1821945551526674e-07
4.1821945551526674e-07
4.1821945551526674e-07
4.1821945551526674e-07
4.1821945551526674e-07
4.1821945551526674e-07
4.1821945551526674e-07
4.1821945551526674e-07
4.1821945551526674e-07
4.1821945551526674e-07
4.1821945551526674e-07
4.1821945551526674e-07
4.1821945551526674e-07
4.1821945551526674e-07
4.1821945551526674e-07
4.1821945551526674e-07
4.1821945551526674e-07
4.1821945551526674e-07
4.1821945551526674e-07
4.1821945551526674e-07
4.277720311343643e-06
3.3161891666773284e-05
8.491598333998565e-05
0.00030106124730696775
0.0005291553633535824
0.000663571115945747
0.0006300472849622466
0.0014654487649789815
0.0018559835865508225
0.0014057534118719
0.0011434169565823187
0.001216072887755613
0.0008758670369851418
0.0008715491555106396
0.0002544909982708175
0.0004932201971600888
0.00033541973076333656
0.0005435286923250356
0.00011855659456442669
5.1939255681021757e-05
0.00023555983274114556
0.0004060770801437846
0.0007539441433465716
0.0008418279273899678
