0.150503276858392
0.11066853186256942
0.14498282923364297
0.09838795584497347
0.11725628597147116
0.0565768958816484
0.05491585836409232
0.028710172163452997
0.03409366777308265
0.02608873554601145
0.013272763239037326
0.007648287406453735
0.010697770952808825
0.008974473819920836
0.002910123454483429
0.0024502681563288702
0.004486057606784239
0.0013419299204970976
0.0009474773036815275
0.00030659595969815087
0.0001393471296450617
7.919212530911115e-05
2.4756803752592095e-05
4.1821945551526674e-07
4.1821945551526674e-07
4.1821945551526674e-07
4.1821945551526674e-07
4.1821945551526674e-07
4.1821945551526674e-07
4.1821945551526674e-07
4.1821945551526674e-07
4.1821945551526674e-07
4.1821945551526674e-07
4.1821945551526674e-07
4.1821945551526674e-07
4.1821945551526674e-07
4.1821945551526674e-07
4.1821945551526674e-07
4.1821945551526674e-07
4.1821945551526674e-07
4.1821945551526674e-07
4.1821945551526674e-07
4.1821945551526674e-07
4.1821945551526674e-07
4.1821945551526674e-07
4.1821945551526674e-07
4.1821945551526674e-07
4.1821945551526674e-07
4.1821945551526674e-07
4.1821945551526674e-07
4.1821945551526674e-07
4.1821945551526674e-07
4.1821945551526674e-07
4.1821945551526674e-07
4.1821945551526674e-07
4.1821945551526674e-07
4.1821945551526674e-07
0.000169460028946329
0.0008672494103550535
0.0032080161995344646
0.01177213962581327
0.042518888101341405
0.0696273865278745
0.07144782911186119
0.032698530009576066
0.025150235592824657
0.03196789618916721
0.049874252307287543
0.06272719951825492
0.09918848513626485
0.13373809723448035
0.14643915787577286
0.17382554502974282
0.11879649265070176
0.13373809723448035
0.1257667514553736
0.14753891762627494
0.13238243489300647
0.029280152709721084
0.0026371375840361514
0.00018463723327818477
4.1821945551526674e-07
4.1821945551526674e-07
4.1821945551526674e-07
4.1821945551526674e-07
4.1821945551526674e-07
4.1821945551526674e-07
4.1821945551526674e-07
4.1821945551526674e-07
4.1821945551526674e-07
4.1821945551526674e-07
4.1821945551526674e-07
4.1821945551526674e-07
4.1821945551526674e-07
4.1821945551526674e-07
4.1821945551526674e-07
4.1821945551526674e-07
4.1821945551526674e-07
4.1821945551526674e-07
4.1821945551526674e-07
4.1821945551526674e-07
4.1821945551526674e-07
4.1821945551526674e-07
4.1821945551526674e-07
4.1821945551526674e-07
4.1821945551526674e-07
4.1821945551526674e-07
4.1821945551526674e-07
4.1821945551526674e-07
4.1821945551526674e-07
4.1821945551526674e-07
4.1821945551526674e-07
4.1821945551526674e-07
4.1821945551526674e-07
4.1821945551526674e-07
4.1821945551526674e-07
4.1821945551526674e-07
4.1821945551526674e-07
4.1821945551526674e-07
4.1821945551526674e-07
4.1821945551526674e-07
0.0001459749809415802
0.00026268996787294355
0.00043445202639833
0.004066834791828201
0.008319394650166083
0.013759714330294692
0.012121413137375041
0.037747921873843696
0.039947368706159704
0.037273510113372876
0.06163476383825993
0.21170372126250536
0.29234194178990813
0.25545546481717984
0.166432821463737
0.0848552505853983
0.048825275993444835
0.021390367810848406
0.0017744586042466746
0.0007166326897645051
0.000441784146321633
4.1821945551526674e-07
4.1821945551526674e-07
4.1821945551526674e-07
4.1821945551526674e-07
4.1821945551526674e-07
4.1821945551526674e-07
4.1821945551526674e-07
4.1821945551526674e-07
4.1821945551526674e-07
4.1821945551526674e-07
4.1821945551526674e-07
4.1821945551526674e-07
4.1821945551526674e-07
4.1821945551526674e-07
4.1821945551526674e-07
4.1821945551526674e-07
4.1821945551526674e-07
4.1821945551526674e-07
4.1821945551526674e-07
4.1821945551526674e-07
4.1821945551526674e-07
4.1821945551526674e-07
4.1821945551526674e-07
4.1821945551526674e-07
4.1821945551526674e-07
4.1821945551526674e-07
4.1821945551526674e-07
4.1821945551526674e-07
4.1821945551526674e-07
4.1821945551526674e-07
4.1821945551526674e-07
4.1821945551526674e-07
4.1821945551526674e-07
4.1821945551526674e-07
4.1821945551526674e-07
4.1821945551526674e-07
4.1821945551526674e-07
4.1821945551526674e-07
4.1821945551526674e-07
4.1821945551526674e-07
4.1821945551526674e-07
4.1821945551526674e-07
4.1821945551526674e-07
4.1821945551526674e-07
4.1821945551526674e-07
4.1821945551526674e-07
4.1821945551526674e-07
3.61037590376232e-05
0.00010328123033177369
0.0005291553633535824
0.018131330059521566
0.0338757518644875
0.025915869828121826
0.0322792818401715
0.046355380987650914
0.05691412873436788
0.0936944253064945
0.26050719955422175
0.2966622820158805
0.4475401023699384
0.4410313597079112
0.4047762870137179
0.293571750795484
0.23701410088097932
0.2760958397029539
0.30861562151742056
0.29234194178990813
0.27374514461658495
0.04057744486491351
0.004254422308164316
0.0005671864815479923
7.210951080430608e-05
4.1821945551526674e-07
4.1821945551526674e-07
4.1821945551526674e-07
4.1821945551526674e-07
4.1821945551526674e-07
4.1821945551526674e-07
4.1821945551526674e-07
4.1821945551526674e-07
4.1821945551526674e-07
4.1821945551526674e-07
2.860223332022215e-05
0.0001621830508161896
8.658688627788707e-05
0.0002937973125004936
6.905863929706567e-05
0.00011756762735174486
6.755508121727497e-05
4.1821945551526674e-07
4.1821945551526674e-07
4.1821945551526674e-07
4.1821945551526674e-07
4.1821945551526674e-07
4.1821945551526674e-07
4.1821945551526674e-07
4.1821945551526674e-07
4.1821945551526674e-07
4.1821945551526674e-07
4.1821945551526674e-07
4.1821945551526674e-07
4.1821945551526674e-07
4.1821945551526674e-07
4.1821945551526674e-07
4.1821945551526674e-07
4.1821945551526674e-07
4.1821945551526674e-07
4.1821945551526674e-07
4.1821945551526674e-07
4.1821945551526674e-07
4.1821945551526674e-07
4.1821945551526674e-07
4.1821945551526674e-07
4.1821945551526674e-07
4.1821945551526674e-07
4.1821945551526674e-07
4.1821945551526674e-07
4.1821945551526674e-07
4.1821945551526674e-07
4.1821945551526674e-07
4.1821945551526674e-07
4.1821945551526674e-07
4.1821945551526674e-07
4.1821945551526674e-07
4.1821945551526674e-07
4.1821945551526674e-07
4.1821945551526674e-07
4.1821945551526674e-07
4.1821945551526674e-07
4.1821945551526674e-07
4.1821945551526674e-07
4.1821945551526674e-07
4.1821945551526674e-07
4.1821945551526674e-07
4.1821945551526674e-07
4.1821945551526674e-07
4.1821945551526674e-07
4.1821945551526674e-07
4.1821945551526674e-07
4.1821945551526674e-07
4.1821945551526674e-07
4.1821945551526674e-07
4.1821945551526674e-07
4.1821945551526674e-07
4.1821945551526674e-07
4.1821945551526674e-07
0.00037051953720218495
0.0021871852132458844
0.001268692284931326
0.0011933023417513887
0.004983418304291585
0.005985256754639018
0.022130405841100265
0.08556467409572194
0.2714088517980978
0.3281686870672823
0.293571750795484
0.5064431721861874
0.5165781602718817
0.5481691338505079
0.5393856057053213
0.5179935830688599
0.42029402823137635
0.2862476476587896
0.12224195775284959
0.021244983736158796
0.0075315906888705
0.0013048631504227427
4.1821945551526674e-07
4.1821945551526674e-07
4.1821945551526674e-07
4.1821945551526674e-07
4.1821945551526674e-07
4.1821945551526674e-07
4.1821945551526674e-07
4.1821945551526674e-07
4.1821945551526674e-07
4.1821945551526674e-07
4.1821945551526674e-07
4.1821945551526674e-07
4.1821945551526674e-07
4.1821945551526674e-07
4.1821945551526674e-07
4.1821945551526674e-07
4.1821945551526674e-07
4.1821945551526674e-07
4.1821945551526674e-07
4.1821945551526674e-07
4.1821945551526674e-07
4.1821945551526674e-07
4.1821945551526674e-07
4.1821945551526674e-07
4.1821945551526674e-07
4.1821945551526674e-07
4.1821945551526674e-07
4.1821945551526674e-07
4.1821945551526674e-07
4.1821945551526674e-07
4.1821945551526674e-07
4.1821945551526674e-07
4.1821945551526674e-07
4.1821945551526674e-07
4.1821945551526674e-07
0.0005406289277940763
0.0023975957500464175
0.013465684959557477
0.03217519717774409
0.18060673957912918
0.3060715133840471
0.4040103210881749
0.3612011011822147
0.23178148572939788
0.19523059377352484
0.13003625643765912
0.09472132607955966
0.0896772848003365
0.07628037281838664
0.05984947739913444
0.04225553480102912
0.02416004199763216
0.012616637157009464
0.019099491802948912
0.002002192483946326
0.0007057461532181393
0.0002660221573319983
4.1821945551526674e-07
4.1821945551526674e-07
4.1821945551526674e-07
4.1821945551526674e-07
4.1821945551526674e-07
4.1821945551526674e-07
4.1821945551526674e-07
3.374452061566211e-05
0.00014485735688594262
0.00010054388364771395
5.2613592031081934e-05
1.1581268460831754e-05
9.874054821997341e-05
4.717351414020623e-06
0.0002294767719938451
0.00020904403731025734
4.1821945551526674e-07
4.1821945551526674e-07
4.1821945551526674e-07
4.1821945551526674e-07
4.1821945551526674e-07
4.1821945551526674e-07
4.1821945551526674e-07
4.1821945551526674e-07
4.1821945551526674e-07
4.1821945551526674e-07
4.1821945551526674e-07
4.1821945551526674e-07
3.973024358103057e-05
0.0001952345951331162
0.0007889091340046143
0.001216072887755613
0.015316561255320767
0.02880449622916797
0.03104924215473336
0.020814001809112314
0.03599516728023185
0.041603234821596134
0.13070319933993643
0.2714088517980978
0.5694222197129486
0.6137371305452572
0.5293516158980551
0.48785026238846024
0.5669445486971532
0.6104664805768918
0.529845414536585
0.4895763801793421
0.32353153882030533
0.24773941210844164
0.0562413465574844
0.025234322991113153
0.0023154105509331363
0.0008252342856446661
6.905863929706567e-05
4.1821945551526674e-07
4.1821945551526674e-07
4.1821945551526674e-07
4.1821945551526674e-07
4.1821945551526674e-07
1.1581268460831754e-05
4.1821945551526674e-07
4.1821945551526674e-07
4.1821945551526674e-07
4.1821945551526674e-07
4.1821945551526674e-07
4.1821945551526674e-07
4.1821945551526674e-07
4.1821945551526674e-07
4.1821945551526674e-07
4.1821945551526674e-07
4.1821945551526674e-07
4.1821945551526674e-07
4.1821945551526674e-07
4.1821945551526674e-07
4.1821945551526674e-07
4.1821945551526674e-07
4.1821945551526674e-07
4.1821945551526674e-07
4.1821945551526674e-07
4.1821945551526674e-07
4.1821945551526674e-07
4.1821945551526674e-07
4.1821945551526674e-07
4.1821945551526674e-07
4.1821945551526674e-07
4.1821945551526674e-07
4.1821945551526674e-07
4.1821945551526674e-07
4.1821945551526674e-07
4.1821945551526674e-07
4.1821945551526674e-07
4.1821945551526674e-07
4.1821945551526674e-07
4.1821945551526674e-07
4.1821945551526674e-07
4.1821945551526674e-07
4.1821945551526674e-07
4.1821945551526674e-07
4.1821945551526674e-07
4.1821945551526674e-07
4.1821945551526674e-07
