0.13856965305490837
0.13579217475744196
0.15162685014814986
0.11695017348119058
0.09166787335858566
0.07226951542029098
0.048676960248286875
0.01678931583788784
0.009249095771938252
0.0031945197208638754
0.0011271951863774507
0.00056418408999548
0.0002676996508035356
0.00016458615465068615
3.0291178746524636e-05
5.465632490595088e-05
4.1821945551526674e-07
4.1821945551526674e-07
4.1821945551526674e-07
4.1821945551526674e-07
4.1821945551526674e-07
4.1821945551526674e-07
4.1821945551526674e-07
4.1821945551526674e-07
4.1821945551526674e-07
4.1821945551526674e-07
4.1821945551526674e-07
4.1821945551526674e-07
4.1821945551526674e-07
4.1821945551526674e-07
4.1821945551526674e-07
4.1821945551526674e-07
4.1821945551526674e-07
4.1821945551526674e-07
4.1821945551526674e-07
4.1821945551526674e-07
4.1821945551526674e-07
4.1821945551526674e-07
4.1821945551526674e-07
4.1821945551526674e-07
6.497946417084116e-06
4.1821945551526674e-07
4.1821945551526674e-07
4.1821945551526674e-07
4.1821945551526674e-07
4.1821945551526674e-07
4.1821945551526674e-07
4.1821945551526674e-07
4.1821945551526674e-07
4.1821945551526674e-07
4.1821945551526674e-07
4.1821945551526674e-07
4.1821945551526674e-07
4.1821945551526674e-07
4.1821945551526674e-07
2.0521199297108956e-05
4.473367325742414e-05
5.603214164861691e-06
4.1821945551526674e-07
4.1821945551526674e-07
1.2609572153005154e-06
4.1821945551526674e-07
4.1821945551526674e-07
4.1821945551526674e-07
4.1821945551526674e-07
4.1821945551526674e-07
4.1821945551526674e-07
4.1821945551526674e-07
4.1821945551526674e-07
4.1821945551526674e-07
4.1821945551526674e-07
4.1821945551526674e-07
4.1821945551526674e-07
4.1821945551526674e-07
4.1821945551526674e-07
4.1821945551526674e-07
4.1821945551526674e-07
4.1821945551526674e-07
4.1821945551526674e-07
4.1821945551526674e-07
4.1821945551526674e-07
4.1821945551526674e-07
4.1821945551526674e-07
4.1821945551526674e-07
4.1821945551526674e-07
4.1821945551526674e-07
4.1821945551526674e-07
4.1821945551526674e-07
4.1821945551526674e-07
4.1821945551526674e-07
4.1821945551526674e-07
4.1821945551526674e-07
4.1821945551526674e-07
4.1821945551526674e-07
4.1821945551526674e-07
4.1821945551526674e-07
4.1821945551526674e-07
4.1821945551526674e-07
4.1821945551526674e-07
4.1821945551526674e-07
4.1821945551526674e-07
4.1821945551526674e-07
4.1821945551526674e-07
0.0001276704928846307
0.00032365633711590086
0.0008587040512945132
0.0008211295054639289
0.0023871828582324056
0.004748055660677969
0.014467939730376066
0.08893999553406191
0.17216125672364946
0.3355479636852489
0.39413878451188245
0.31698609720044
0.24448521149727143
0.3143939049855064
0.504200612027127
0.5539723811110372
0.556372748820811
0.5851386366880809
0.6640901139876809
0.7076679468265452
0.7020716704209016
0.6036740075711956
0.5484309082870803
0.382947058098922
0.343727127111695
0.16124664558728607
0.09523820693305564
0.024650811664706753
0.01147387012962292
0.008674214876091497
0.0033881602320936896
0.0016961091618540182
0.0009155556871907062
0.0014188317780883927
0.002659935082715774
0.007589739142927908
0.005023643032686542
0.003331793286544015
0.0022455610096277457
0.001984478726186092
0.002139571173391089
0.001513402474356145
0.0009336819500010559
0.0008672494103550535
0.0011271951863774507
0.0006739124121509291
0.0003879820059015201
0.0003879820059015201
0.00018076333501733033
6.0965559969700685e-05
0.00013717896926209862
5.9539684819780406e-05
0.00018076333501733033
0.00022055876891740044
4.1821945551526674e-07
1.6949692108200303e-05
9.874054821997341e-05
0.00014374495584751581
0.00016458615465068615
0.00021619103647832667
9.96400723984018e-05
4.861621874534112e-05
3.2582108786105586e-05
6.497946417084116e-06
4.1821945551526674e-07
4.1821945551526674e-07
4.1821945551526674e-07
8.385352447237871e-07
4.1821945551526674e-07
4.1821945551526674e-07
5.603473276198844e-05
6.459107050735467e-05
4.1821945551526674e-07
4.1821945551526674e-07
4.1821945551526674e-07
9.96400723984018e-05
9.256233596632511e-05
0.00010605784974451842
4.993576321616549e-05
4.1821945551526674e-07
4.1821945551526674e-07
4.1821945551526674e-07
1.4963624729961743e-05
4.1821945551526674e-07
4.1821945551526674e-07
4.1821945551526674e-07
4.1821945551526674e-07
4.1821945551526674e-07
4.1821945551526674e-07
0.00014485735688594262
5.883189825385341e-05
2.5842029542925826e-05
4.1821945551526674e-07
4.1821945551526674e-07
4.1821945551526674e-07
0.00015394651779406768
0.016038060850808607
0.06254400930520478
0.12970379971415305
0.12871047820510578
0.018068345582900873
0.014940036273039907
0.010118342154720855
0.007053139316229207
0.0033598712590469067
0.00362223859630885
0.005104963926303597
0.003918888599900533
0.007707237859848668
0.00788652633303551
0.009249095771938252
0.017756295908631183
0.028710172163452997
0.05156118605990294
0.10663383314252112
0.062178972430809304
0.017266857435946494
0.005776163963384573
0.0007057461532181393
0.00017948396323348096
0.00014153573219890015
4.2207575535716617e-05
5.603473276198844e-05
5.7426549990513285e-05
0.00011365817210826585
0.00018594054607975617
0.0002956010048399243
0.00016458615465068615
0.00012155167244851496
3.1431029280470095e-05
7.919212530911115e-05
0.00023250437361164045
0.00045674268208358595
0.00012255949279482532
4.1821945551526674e-07
4.1821945551526674e-07
4.1821945551526674e-07
4.1821945551526674e-07
4.1821945551526674e-07
4.1821945551526674e-07
4.1821945551526674e-07
4.1821945551526674e-07
4.1821945551526674e-07
4.1821945551526674e-07
4.1821945551526674e-07
4.1821945551526674e-07
4.1821945551526674e-07
4.1821945551526674e-07
0.00014709785078284246
0.0002279733441721462
0.004709809456243058
0.006550639078015694
0.0062499767732257265
0.005776163963384573
0.0031945197208638754
0.0021968199958897934
0.0027647101980360672
0.007916766324608868
0.006323963880706841
0.006758185928357597
0.013759714330294692
0.02375758951739788
0.033336202163607775
0.04278364048992635
0.0523437812556522
0.05265961787978405
0.04927252419167071
0.05250149889951639
0.03155674954725553
0.018836982735661235
0.012479831415865695
0.0018559835865508225
0.0006601535047763028
0.00021909616434388082
9.606750913543733e-05
0.00014263775514800113
1.7957554246278875e-05
1.6854952576662474e-06
4.1821945551526674e-07
4.1821945551526674e-07
4.1821945551526674e-07
4.1821945551526674e-07
4.1821945551526674e-07
4.1821945551526674e-07
4.1821945551526674e-07
4.1821945551526674e-07
4.1821945551526674e-07
4.1821945551526674e-07
4.1821945551526674e-07
4.1821945551526674e-07
4.1821945551526674e-07
4.1821945551526674e-07
4.1821945551526674e-07
4.1821945551526674e-07
4.1821945551526674e-07
4.1821945551526674e-07
4.1821945551526674e-07
4.1821945551526674e-07
4.1821945551526674e-07
4.1821945551526674e-07
4.1821945551526674e-07
4.1821945551526674e-07
4.1821945551526674e-07
4.1821945551526674e-07
4.1821945551526674e-07
4.1821945551526674e-07
4.1821945551526674e-07
4.1821945551526674e-07
4.1821945551526674e-07
4.1821945551526674e-07
4.1821945551526674e-07
4.1821945551526674e-07
4.1821945551526674e-07
4.1821945551526674e-07
4.1821945551526674e-07
4.1821945551526674e-07
4.1821945551526674e-07
4.1821945551526674e-07
4.1821945551526674e-07
4.1821945551526674e-07
4.1821945551526674e-07
4.1821945551526674e-07
4.1821945551526674e-07
4.1821945551526674e-07
4.1821945551526674e-07
4.1821945551526674e-07
4.1821945551526674e-07
4.1821945551526674e-07
4.1821945551526674e-07
4.1821945551526674e-07
4.1821945551526674e-07
4.1821945551526674e-07
4.1821945551526674e-07
4.1821945551526674e-07
4.1821945551526674e-07
4.1821945551526674e-07
4.1821945551526674e-07
4.1821945551526674e-07
4.1821945551526674e-07
4.1821945551526674e-07
4.1821945551526674e-07
4.1821945551526674e-07
5.329120576535909e-05
0.0019581680828902135
0.0022752640787403727
0.0014790119279027001
0.0006235139684343123
0.00043445202639833
0.0003394118050657009
0.00013503107354289674
7.759167615548442e-05
0.00013717896926209862
0.00024806501272491634
0.0004368852841053776
0.004033533439957808
0.004844888211290228
0.006705756555640919
0.011264940791642497
0.0046341419099830685
0.005662842484725026
0.018005553270569855
0.002922543370001297
0.000687909394369356
0.00038355789034384675
4.1821945551526674e-07
4.1821945551526674e-07
4.1821945551526674e-07
4.1821945551526674e-07
4.1821945551526674e-07
4.1821945551526674e-07
4.1821945551526674e-07
4.1821945551526674e-07
4.1821945551526674e-07
4.1821945551526674e-07
4.1821945551526674e-07
4.1821945551526674e-07
4.1821945551526674e-07
4.1821945551526674e-07
4.1821945551526674e-07
4.1821945551526674e-07
4.1821945551526674e-07
4.1821945551526674e-07
4.1821945551526674e-07
4.1821945551526674e-07
4.1821945551526674e-07
4.1821945551526674e-07
4.1821945551526674e-07
4.1821945551526674e-07
4.1821945551526674e-07
0.0002294767719938451
0.0009200588058659779
0.0010044207236565553
0.0008802031245002676
0.0006138190518854449
0.0004932201971600888
0.0004224457305175551
0.00016458615465068615
7.838998272353152e-05
4.096286922450232e-05
1.2609572153005154e-06
0.00010420238076200091
9.96400723984018e-05
0.00010236444348611713
9.256233596632511e-05
4.1821945551526674e-07
4.1821945551526674e-07
4.1821945551526674e-07
2.529808216878381e-05
6.948664563820461e-06
4.1821945551526674e-07
4.1821945551526674e-07
4.1821945551526674e-07
4.1821945551526674e-07
4.1821945551526674e-07
4.1821945551526674e-07
4.1821945551526674e-07
4.1821945551526674e-07
4.1821945551526674e-07
0.001132580157870841
0.0033881602320936896
0.006104316665286051
0.013035049475121997
0.011643478914778757
0.0075315906888705
0.006274552822020435
0.005043863982886897
0.006499649523826324
0.006758185928357597
0.015868956585149654
0.03125139279338383
0.04083184380133856
0.0834509005178893
0.1127315022082311
0.11941709210258343
0.17889273630872762
0.19523059377352484
0.4377995535450434
0.48012859616959463
0.2375421100368338
0.0362247518875326
0.011223562021395761
0.0014995630139813336
0.0001756812734667991
7.856857206639839e-06
4.1821945551526674e-07
4.1821945551526674e-07
4.1821945551526674e-07
2.5409593341837125e-06
4.1821945551526674e-07
4.346447305630869e-05
0.0001493594193483699
0.0002249870883307202
5.329120576535909e-05
8.912336769799859e-05
4.1821945551526674e-07
4.1821945551526674e-07
4.1821945551526674e-07
4.1821945551526674e-07
4.1821945551526674e-07
4.1821945551526674e-07
4.1821945551526674e-07
4.1821945551526674e-07
4.1821945551526674e-07
4.1821945551526674e-07
4.1821945551526674e-07
4.1821945551526674e-07
4.1821945551526674e-07
4.1821945551526674e-07
4.1821945551526674e-07
4.1821945551526674e-07
4.1821945551526674e-07
4.1821945551526674e-07
4.1821945551526674e-07
4.1821945551526674e-07
4.1821945551526674e-07
4.1821945551526674e-07
4.1821945551526674e-07
4.1821945551526674e-07
4.1821945551526674e-07
4.1821945551526674e-07
4.1821945551526674e-07
4.1821945551526674e-07
4.1821945551526674e-07
4.1821945551526674e-07
4.1821945551526674e-07
4.1821945551526674e-07
4.1821945551526674e-07
4.1821945551526674e-07
4.1821945551526674e-07
4.1821945551526674e-07
4.1821945551526674e-07
4.1821945551526674e-07
4.1821945551526674e-07
4.1821945551526674e-07
4.1821945551526674e-07
4.1821945551526674e-07
4.1821945551526674e-07
4.1821945551526674e-07
4.1821945551526674e-07
4.1821945551526674e-07
4.1821945551526674e-07
4.1821945551526674e-07
4.1821945551526674e-07
4.1821945551526674e-07
4.1821945551526674e-07
4.1821945551526674e-07
4.1821945551526674e-07
4.1821945551526674e-07
4.1821945551526674e-07
4.1821945551526674e-07
4.1821945551526674e-07
2.9725432284022987e-05
2.6937980440649776e-05
4.1821945551526674e-07
4.1821945551526674e-07
4.1821945551526674e-07
2.9719053644181457e-06
4.1821945551526674e-07
1.5951746064151342e-05
3.200515897274475e-05
0.00010512791409933538
0.00012054859646342047
2.3682204830817788e-05
4.346447305630869e-05
4.1821945551526674e-07
4.1821945551526674e-07
4.1821945551526674e-07
4.1821945551526674e-07
4.1821945551526674e-07
4.1821945551526674e-07
4.1821945551526674e-07
2.421818204057534e-05
4.666078723463647e-05
0.0002118831226795302
0.0007771053425490303
0.0023871828582324056
0.033122464519717607
0.05810779295747137
0.06038044858668244
0.020251265811924598
0.012299466594851465
0.014009056028675684
0.012033245279124131
0.023125813042676354
0.02787322613945005
0.0330160392731354
0.03859060455524539
0.02778155103096404
0.030055345050572738
0.031454679006646856
0.02297017706119158
0.020112680087123653
0.03125139279338383
0.03739163095966828
0.013368916535361201
0.0037136731908849635
0.0008889301977246149
9.518494464757733e-05
3.730079673663818e-05
4.1821945551526674e-07
4.1821945551526674e-07
4.1821945551526674e-07
4.1821945551526674e-07
4.1821945551526674e-07
4.1821945551526674e-07
4.1821945551526674e-07
4.1821945551526674e-07
4.1821945551526674e-07
4.1821945551526674e-07
4.1821945551526674e-07
4.1821945551526674e-07
4.1821945551526674e-07
4.1821945551526674e-07
4.1821945551526674e-07
4.1821945551526674e-07
4.1821945551526674e-07
4.1821945551526674e-07
4.1821945551526674e-07
4.1821945551526674e-07
4.1821945551526674e-07
4.1821945551526674e-07
4.1821945551526674e-07
4.1821945551526674e-07
4.1821945551526674e-07
4.1821945551526674e-07
4.1821945551526674e-07
4.1821945551526674e-07
4.1821945551526674e-07
4.1821945551526674e-07
4.1821945551526674e-07
4.1821945551526674e-07
4.1821945551526674e-07
4.1821945551526674e-07
4.1821945551526674e-07
4.1821945551526674e-07
4.1821945551526674e-07
4.1821945551526674e-07
4.1821945551526674e-07
4.1821945551526674e-07
4.1821945551526674e-07
4.1821945551526674e-07
4.1821945551526674e-07
4.1821945551526674e-07
4.1821945551526674e-07
4.1821945551526674e-07
4.1821945551526674e-07
4.1821945551526674e-07
4.1821945551526674e-07
4.1821945551526674e-07
4.1821945551526674e-07
4.1821945551526674e-07
4.1821945551526674e-07
4.1821945551526674e-07
4.1821945551526674e-07
4.1821945551526674e-07
4.1821945551526674e-07
4.1821945551526674e-07
4.1821945551526674e-07
4.1821945551526674e-07
4.1821945551526674e-07
4.1821945551526674e-07
4.1821945551526674e-07
4.1821945551526674e-07
4.1821945551526674e-07
4.1821945551526674e-07
4.1821945551526674e-07
4.1821945551526674e-07
4.1821945551526674e-07
4.1821945551526674e-07
4.1821945551526674e-07
4.1821945551526674e-07
4.1821945551526674e-07
4.1821945551526674e-07
4.1821945551526674e-07
4.1821945551526674e-07
4.096286922450232e-05
2.104156285420814e-05
4.730943227540553e-05
6.0494664229690885e-06
3.374452061566211e-05
1.897542464599091e-05
4.1821945551526674e-07
8.385352447237871e-07
1.7957554246278875e-05
8.326098202658756e-05
2.5842029542925826e-05
7.365708741880272e-05
4.1821945551526674e-07
4.1821945551526674e-07
4.1821945551526674e-07
4.1821945551526674e-07
4.1821945551526674e-07
4.1821945551526674e-07
4.1821945551526674e-07
4.1821945551526674e-07
4.1821945551526674e-07
4.1821945551526674e-07
4.1821945551526674e-07
4.1821945551526674e-07
4.1821945551526674e-07
4.1821945551526674e-07
4.1821945551526674e-07
4.1821945551526674e-07
4.1821945551526674e-07
4.1821945551526674e-07
4.1821945551526674e-07
4.1821945551526674e-07
4.1821945551526674e-07
4.1821945551526674e-07
4.1821945551526674e-07
4.1821945551526674e-07
4.1821945551526674e-07
4.1821945551526674e-07
4.1821945551526674e-07
4.1821945551526674e-07
4.1821945551526674e-07
4.1821945551526674e-07
4.1821945551526674e-07
4.1821945551526674e-07
4.1821945551526674e-07
4.1821945551526674e-07
4.1821945551526674e-07
4.1821945551526674e-07
4.1821945551526674e-07
4.1821945551526674e-07
4.1821945551526674e-07
0.00046181736468723316
0.006225486693596904
0.027236971936148522
0.028899088551242375
0.01537102762897005
0.004289347737468241
0.002682907849535136
0.0004130301013945983
0.0007129883302216486
0.000781023257093373
0.001379912648281429
0.0025920636150678794
0.004066834791828201
0.008773292504924713
0.010897353990519618
0.012754768152018781
0.012165711194470092
0.02004369910998198
0.019837997526513457
0.02506639203283998
0.008674214876091497
0.0015343718000682802
0.00023250437361164045
1.3016494535658117e-05
4.1821945551526674e-07
4.1821945551526674e-07
4.1821945551526674e-07
4.1821945551526674e-07
4.1821945551526674e-07
4.1821945551526674e-07
4.1821945551526674e-07
4.1821945551526674e-07
4.1821945551526674e-07
4.1821945551526674e-07
4.1821945551526674e-07
4.1821945551526674e-07
4.1821945551526674e-07
4.1821945551526674e-07
4.1821945551526674e-07
4.1821945551526674e-07
4.1821945551526674e-07
4.1821945551526674e-07
4.1821945551526674e-07
4.1821945551526674e-07
4.1821945551526674e-07
4.1821945551526674e-07
4.1821945551526674e-07
4.1821945551526674e-07
4.1821945551526674e-07
4.1821945551526674e-07
4.1821945551526674e-07
4.1821945551526674e-07
4.1821945551526674e-07
4.1821945551526674e-07
4.1821945551526674e-07
4.1821945551526674e-07
