0.026175543470491943
0.021100464203846127
0.006971579998873319
0.015046772927125729
0.006474287828245006
0.001734894017442299
0.000570201933059511
0.0001609898722544984
4.1821945551526674e-07
4.1821945551526674e-07
4.1821945551526674e-07
4.1821945551526674e-07
4.1821945551526674e-07
4.1821945551526674e-07
4.1821945551526674e-07
4.1821945551526674e-07
4.1821945551526674e-07
4.1821945551526674e-07
4.1821945551526674e-07
4.1821945551526674e-07
4.1821945551526674e-07
4.1821945551526674e-07
4.1821945551526674e-07
4.1821945551526674e-07
4.1821945551526674e-07
4.1821945551526674e-07
4.1821945551526674e-07
4.1821945551526674e-07
4.1821945551526674e-07
4.1821945551526674e-07
4.1821945551526674e-07
4.1821945551526674e-07
4.1821945551526674e-07
4.1821945551526674e-07
4.1821945551526674e-07
4.1821945551526674e-07
4.1821945551526674e-07
4.1821945551526674e-07
4.1821945551526674e-07
4.1821945551526674e-07
4.1821945551526674e-07
4.1821945551526674e-07
4.1821945551526674e-07
4.1821945551526674e-07
4.1821945551526674e-07
4.1821945551526674e-07
4.1821945551526674e-07
4.1821945551526674e-07
4.1821945551526674e-07
4.1821945551526674e-07
4.1821945551526674e-07
4.1821945551526674e-07
4.1821945551526674e-07
4.1821945551526674e-07
4.1821945551526674e-07
4.1821945551526674e-07
4.1821945551526674e-07
4.1821945551526674e-07
4.1821945551526674e-07
4.1821945551526674e-07
4.1821945551526674e-07
4.1821945551526674e-07
4.1821945551526674e-07
4.1821945551526674e-07
4.1821945551526674e-07
4.1821945551526674e-07
4.1821945551526674e-07
4.1821945551526674e-07
4.1821945551526674e-07
4.1821945551526674e-07
4.1821945551526674e-07
4.1821945551526674e-07
4.1821945551526674e-07
4.1821945551526674e-07
6.168367960567218e-05
0.00010236444348611713
4.1821945551526674e-07
5.603214164861691e-06
0.05281813896994956
0.634843107826523
0.5705278410614997
0.7375794986001378
0.7764585167875684
0.7500285086424231
0.9163133975707423
0.9173203615538296
0.7098416700505343
0.6134392314424266
0.01943213422131634
4.1821945551526674e-07
4.1821945551526674e-07
4.1821945551526674e-07
4.1821945551526674e-07
4.1821945551526674e-07
4.1821945551526674e-07
4.1821945551526674e-07
4.1821945551526674e-07
4.1821945551526674e-07
4.1821945551526674e-07
4.1821945551526674e-07
4.1821945551526674e-07
4.1821945551526674e-07
4.1821945551526674e-07
4.1821945551526674e-07
4.1821945551526674e-07
4.1821945551526674e-07
4.1821945551526674e-07
4.1821945551526674e-07
4.1821945551526674e-07
4.1821945551526674e-07
4.1821945551526674e-07
4.1821945551526674e-07
4.1821945551526674e-07
4.1821945551526674e-07
4.1821945551526674e-07
4.1821945551526674e-07
4.1821945551526674e-07
4.1821945551526674e-07
4.1821945551526674e-07
4.1821945551526674e-07
4.1821945551526674e-07
4.1821945551526674e-07
4.1821945551526674e-07
4.1821945551526674e-07
4.1821945551526674e-07
4.1821945551526674e-07
4.1821945551526674e-07
4.1821945551526674e-07
4.1821945551526674e-07
4.1821945551526674e-07
4.1821945551526674e-07
4.1821945551526674e-07
4.1821945551526674e-07
4.1821945551526674e-07
4.1821945551526674e-07
4.1821945551526674e-07
4.1821945551526674e-07
4.1821945551526674e-07
4.1821945551526674e-07
4.1821945551526674e-07
4.1821945551526674e-07
4.1821945551526674e-07
4.1821945551526674e-07
4.1821945551526674e-07
4.1821945551526674e-07
4.1821945551526674e-07
4.1821945551526674e-07
4.1821945551526674e-07
4.666078723463647e-05
0.7421507414829869
0.9273895444227617
0.9553527588159938
0.9914481062717828
1.0
1.0
0.9914481062717828
0.9137591618415264
0.14753891762627494
0.0008089188057303779
4.1821945551526674e-07
4.1821945551526674e-07
4.1821945551526674e-07
4.1821945551526674e-07
4.1821945551526674e-07
4.1821945551526674e-07
4.1821945551526674e-07
4.1821945551526674e-07
4.1821945551526674e-07
4.1821945551526674e-07
4.1821945551526674e-07
4.1821945551526674e-07
4.1821945551526674e-07
4.1821945551526674e-07
4.1821945551526674e-07
4.1821945551526674e-07
4.1821945551526674e-07
4.1821945551526674e-07
4.1821945551526674e-07
4.1821945551526674e-07
4.1821945551526674e-07
4.1821945551526674e-07
4.1821945551526674e-07
4.1821945551526674e-07
4.1821945551526674e-07
4.1821945551526674e-07
4.1821945551526674e-07
4.1821945551526674e-07
4.1821945551526674e-07
4.1821945551526674e-07
4.1821945551526674e-07
4.1821945551526674e-07
4.1821945551526674e-07
4.1821945551526674e-07
4.1821945551526674e-07
4.1821945551526674e-07
4.1821945551526674e-07
4.1821945551526674e-07
4.1821945551526674e-07
4.1821945551526674e-07
4.1821945551526674e-07
4.1821945551526674e-07
4.1821945551526674e-07
4.1821945551526674e-07
4.1821945551526674e-07
4.1821945551526674e-07
4.1821945551526674e-07
4.1821945551526674e-07
4.1821945551526674e-07
4.1821945551526674e-07
4.1821945551526674e-07
4.1821945551526674e-07
4.1821945551526674e-07
4.1821945551526674e-07
4.1821945551526674e-07
4.1821945551526674e-07
4.1821945551526674e-07
4.1821945551526674e-07
4.1821945551526674e-07
4.1821945551526674e-07
4.1821945551526674e-07
4.1821945551526674e-07
4.1821945551526674e-07
4.1821945551526674e-07
4.1821945551526674e-07
4.1821945551526674e-07
4.1821945551526674e-07
4.1821945551526674e-07
4.1821945551526674e-07
4.1821945551526674e-07
4.1821945551526674e-07
4.1821945551526674e-07
4.1821945551526674e-07
4.1821945551526674e-07
4.1821945551526674e-07
4.1821945551526674e-07
4.1821945551526674e-07
4.1821945551526674e-07
4.1821945551526674e-07
4.1821945551526674e-07
4.1821945551526674e-07
4.1821945551526674e-07
4.1821945551526674e-07
4.1821945551526674e-07
4.1821945551526674e-07
4.1821945551526674e-07
4.1821945551526674e-07
4.1821945551526674e-07
4.1821945551526674e-07
4.1821945551526674e-07
4.1821945551526674e-07
4.1821945551526674e-07
4.1821945551526674e-07
4.1821945551526674e-07
4.1821945551526674e-07
4.1821945551526674e-07
4.1821945551526674e-07
4.1821945551526674e-07
4.1821945551526674e-07
4.1821945551526674e-07
4.1821945551526674e-07
4.1821945551526674e-07
4.1821945551526674e-07
4.1821945551526674e-07
4.1821945551526674e-07
4.1821945551526674e-07
4.1821945551526674e-07
4.1821945551526674e-07
4.1821945551526674e-07
4.1821945551526674e-07
4.1821945551526674e-07
4.1821945551526674e-07
4.1821945551526674e-07
4.1821945551526674e-07
4.1821945551526674e-07
4.1821945551526674e-07
4.1821945551526674e-07
4.1821945551526674e-07
4.1821945551526674e-07
4.1821945551526674e-07
4.1821945551526674e-07
4.1821945551526674e-07
4.1821945551526674e-07
4.1821945551526674e-07
4.1821945551526674e-07
4.1821945551526674e-07
4.1821945551526674e-07
4.1821945551526674e-07
4.1821945551526674e-07
4.1821945551526674e-07
4.1821945551526674e-07
4.1821945551526674e-07
4.1821945551526674e-07
4.1821945551526674e-07
4.1821945551526674e-07
4.1821945551526674e-07
4.1821945551526674e-07
4.1821945551526674e-07
4.1821945551526674e-07
4.1821945551526674e-07
4.1821945551526674e-07
4.1821945551526674e-07
4.1821945551526674e-07
4.1821945551526674e-07
4.1821945551526674e-07
4.1821945551526674e-07
4.1821945551526674e-07
4.1821945551526674e-07
4.1821945551526674e-07
4.1821945551526674e-07
0.033336202163607775
0.5249455848950841
0.0007350896353687716
4.1821945551526674e-07
4.1821945551526674e-07
4.1821945551526674e-07
4.1821945551526674e-07
4.1821945551526674e-07
4.1821945551526674e-07
4.1821945551526674e-07
4.1821945551526674e-07
4.1821945551526674e-07
4.1821945551526674e-07
4.1821945551526674e-07
4.1821945551526674e-07
4.1821945551526674e-07
4.1821945551526674e-07
4.1821945551526674e-07
4.1821945551526674e-07
4.1821945551526674e-07
4.1821945551526674e-07
4.1821945551526674e-07
4.1821945551526674e-07
4.1821945551526674e-07
4.1821945551526674e-07
4.1821945551526674e-07
4.1821945551526674e-07
4.1821945551526674e-07
4.1821945551526674e-07
4.1821945551526674e-07
4.1821945551526674e-07
4.1821945551526674e-07
4.1821945551526674e-07
4.1821945551526674e-07
4.1821945551526674e-07
4.1821945551526674e-07
4.1821945551526674e-07
4.1821945551526674e-07
4.1821945551526674e-07
4.1821945551526674e-07
4.1821945551526674e-07
4.1821945551526674e-07
4.1821945551526674e-07
4.1821945551526674e-07
4.1821945551526674e-07
4.1821945551526674e-07
4.1821945551526674e-07
4.1821945551526674e-07
4.1821945551526674e-07
4.1821945551526674e-07
4.1821945551526674e-07
4.1821945551526674e-07
4.1821945551526674e-07
4.1821945551526674e-07
4.1821945551526674e-07
4.1821945551526674e-07
4.1821945551526674e-07
4.1821945551526674e-07
4.1821945551526674e-07
4.1821945551526674e-07
4.1821945551526674e-07
4.1821945551526674e-07
4.1821945551526674e-07
4.1821945551526674e-07
4.1821945551526674e-07
4.1821945551526674e-07
4.1821945551526674e-07
4.1821945551526674e-07
4.1821945551526674e-07
4.1821945551526674e-07
4.1821945551526674e-07
4.1821945551526674e-07
4.1821945551526674e-07
4.1821945551526674e-07
4.1821945551526674e-07
4.1821945551526674e-07
4.1821945551526674e-07
4.1821945551526674e-07
4.1821945551526674e-07
4.1821945551526674e-07
4.1821945551526674e-07
4.1821945551526674e-07
4.1821945551526674e-07
4.1821945551526674e-07
4.1821945551526674e-07
4.1821945551526674e-07
4.1821945551526674e-07
4.1821945551526674e-07
4.1821945551526674e-07
4.1821945551526674e-07
4.1821945551526674e-07
4.1821945551526674e-07
4.1821945551526674e-07
4.1821945551526674e-07
4.1821945551526674e-07
4.1821945551526674e-07
4.1821945551526674e-07
4.1821945551526674e-07
4.1821945551526674e-07
4.1821945551526674e-07
4.1821945551526674e-07
4.1821945551526674e-07
4.1821945551526674e-07
4.1821945551526674e-07
4.1821945551526674e-07
4.1821945551526674e-07
4.1821945551526674e-07
4.1821945551526674e-07
4.1821945551526674e-07
4.1821945551526674e-07
4.1821945551526674e-07
4.1821945551526674e-07
4.1821945551526674e-07
4.1821945551526674e-07
4.1821945551526674e-07
4.1821945551526674e-07
4.1821945551526674e-07
4.1821945551526674e-07
4.1821945551526674e-07
4.1821945551526674e-07
4.1821945551526674e-07
4.1821945551526674e-07
4.1821945551526674e-07
8.162174125383187e-05
0.09497947991142934
0.5943354130081795
0.5414316644614237
0.6248343567087952
0.2714088517980978
0.061454250193911285
0.005187459008279755
4.1821945551526674e-07
4.1821945551526674e-07
0.6501704160803591
0.8245941416992963
0.8617884420287155
0.8757334096360289
0.7839935396190574
0.6591301922112012
0.5931778010199691
0.08869533843721654
0.216103478351591
0.18320129298560142
0.1052219945534455
4.1821945551526674e-07
4.1821945551526674e-07
4.1821945551526674e-07
5.329120576535909e-05
4.1821945551526674e-07
4.1821945551526674e-07
4.1821945551526674e-07
4.1821945551526674e-07
4.1821945551526674e-07
4.1821945551526674e-07
4.1821945551526674e-07
4.1821945551526674e-07
4.1821945551526674e-07
4.1821945551526674e-07
4.1821945551526674e-07
4.1821945551526674e-07
4.1821945551526674e-07
4.1821945551526674e-07
4.1821945551526674e-07
4.1821945551526674e-07
4.1821945551526674e-07
4.1821945551526674e-07
4.1821945551526674e-07
4.1821945551526674e-07
4.1821945551526674e-07
4.1821945551526674e-07
4.1821945551526674e-07
4.1821945551526674e-07
4.1821945551526674e-07
4.1821945551526674e-07
4.1821945551526674e-07
4.1821945551526674e-07
4.1821945551526674e-07
4.1821945551526674e-07
4.1821945551526674e-07
4.1821945551526674e-07
4.1821945551526674e-07
4.1821945551526674e-07
4.1821945551526674e-07
4.1821945551526674e-07
4.1821945551526674e-07
4.1821945551526674e-07
4.1821945551526674e-07
4.1821945551526674e-07
4.1821945551526674e-07
4.1821945551526674e-07
4.1821945551526674e-07
4.1821945551526674e-07
4.1821945551526674e-07
4.1821945551526674e-07
4.1821945551526674e-07
4.1821945551526674e-07
4.1821945551526674e-07
4.1821945551526674e-07
4.1821945551526674e-07
4.1821945551526674e-07
4.1821945551526674e-07
4.1821945551526674e-07
4.1821945551526674e-07
4.1821945551526674e-07
4.1821945551526674e-07
4.1821945551526674e-07
4.1821945551526674e-07
4.1821945551526674e-07
4.1821945551526674e-07
4.1821945551526674e-07
4.1821945551526674e-07
