0.19568735916628419
0.23596067697839662
0.14643915787577286
0.12319534959341066
0.09892105611642767
0.08229526411952778
0.08820767805315224
0.06902921585336864
0.07226951542029098
0.0793521602032483
0.029089080423976375
0.02004369910998198
0.023047880477860005
0.023125813042676354
0.023439845868977315
0.013710319066817507
0.012987961055934827
0.006653690416724425
0.0037446062340122706
0.002603267349985465
0.002418542702172075
0.00041771707015121607
7.443646904807915e-05
4.1821945551526674e-07
2.8044755520704956e-05
4.1821945551526674e-07
1.6854952576662474e-06
3.4330008688587323e-05
4.2207575535716617e-05
4.1821945551526674e-07
4.1821945551526674e-07
4.1821945551526674e-07
4.1821945551526674e-07
4.1821945551526674e-07
4.1821945551526674e-07
4.1821945551526674e-07
4.1821945551526674e-07
4.1821945551526674e-07
4.1821945551526674e-07
4.1821945551526674e-07
4.1821945551526674e-07
4.1821945551526674e-07
4.1821945551526674e-07
4.1821945551526674e-07
1.4963624729961743e-05
0.00010512791409933538
5.672895762444332e-05
4.096286922450232e-05
3.61037590376232e-05
4.1821945551526674e-07
4.1821945551526674e-07
9.700563668069177e-06
4.1821945551526674e-07
4.1821945551526674e-07
4.1821945551526674e-07
4.1821945551526674e-07
0.0001516422465441735
0.00123922006762104
0.0015273538706807768
0.002922543370001297
0.005618072811461967
0.010579584154377887
0.0158129384710541
0.013908844580335337
0.0026371375840361514
0.002139571173391089
0.0031543336871801427
0.003474307268425031
0.0046153955967263485
0.006627792874132964
0.008806541449961727
0.006705756555640919
0.00803876194796727
0.012479831415865695
0.04291654314455534
0.05410087669986722
0.04412859111819408
0.03982236288581825
0.06254400930520478
0.04523032707824165
0.023677803761370263
0.008256288872701979
0.002935010507847686
0.0025697847741390687
0.0010240436120892652
0.00021909616434388082
0.00013610249935865063
0.00019794574759606317
0.0003103276022935584
0.0007388284839669272
0.0014654487649789815
0.0011933023417513887
0.00022350420217859162
0.00011855659456442669
0.00010793100595410505
0.00024175527353689227
7.210951080430608e-05
4.1821945551526674e-07
4.1821945551526674e-07
0.00010420238076200091
4.730943227540553e-05
4.1821945551526674e-07
4.1821945551526674e-07
0.00019388838349799424
0.00025938796284476434
0.0002386433864260919
0.00025938796284476434
0.0004393293094757356
0.0008089188057303779
0.0012806509170751551
0.0019235674219907199
0.0022752640787403727
0.0028731454489136637
0.001881077477405105
0.006576267476927634
0.006917675543123764
0.009042440442067222
0.010270065200613158
0.007246763033860225
0.007677712210201276
0.02391786408130519
0.09945650123736595
0.08183671402103106
0.1206660720754245
0.12192547284298613
0.10271880315703721
0.05914761628732755
0.03810711979177234
0.02880449622916797
0.01221015252713208
0.007707237859848668
0.005799069782198611
0.007856389297497044
0.008479042038826165
0.006499649523826324
0.01054044687103602
0.0062499767732257265
0.004185332782034755
0.006499649523826324
0.004923620725750318
0.002056176595653847
0.001386333584095733
0.00013717896926209862
4.1821945551526674e-07
4.346447305630869e-05
2.749000873286707e-05
4.1821945551526674e-07
4.1821945551526674e-07
4.1821945551526674e-07
4.1821945551526674e-07
4.1821945551526674e-07
4.1821945551526674e-07
4.1821945551526674e-07
4.1821945551526674e-07
4.1821945551526674e-07
4.1821945551526674e-07
4.1821945551526674e-07
4.1821945551526674e-07
4.1821945551526674e-07
4.1821945551526674e-07
4.1821945551526674e-07
4.1821945551526674e-07
4.1821945551526674e-07
4.1821945551526674e-07
9.96400723984018e-05
0.0001586201415237477
0.00015744354151097024
4.1821945551526674e-07
4.1821945551526674e-07
4.1821945551526674e-07
4.1821945551526674e-07
1.846523262218758e-05
2.3148859973065797e-05
7.919212530911115e-05
4.1821945551526674e-07
4.1821945551526674e-07
4.1821945551526674e-07
4.1821945551526674e-07
4.1821945551526674e-07
4.1821945551526674e-07
4.1821945551526674e-07
4.1821945551526674e-07
4.1821945551526674e-07
4.1821945551526674e-07
4.1821945551526674e-07
4.1821945551526674e-07
3.085970681754776e-05
0.00011077424712389733
0.0002744863654395842
0.001268692284931326
0.001711530429580453
0.0026258041863053165
0.011815305553728974
0.015425664615029063
0.008131354686000633
0.007560615088049959
0.003181073922080564
0.0026258041863053165
0.0032351618764110716
0.013417223648895289
0.02060139298559382
0.04808751207161065
0.045509389763541346
0.05914761628732755
0.0848552505853983
0.13579217475744196
0.17592328513353642
0.4784228784556575
0.5109962239286397
0.42660687672343933
0.016208749618005978
0.007502665649600592
0.004596717078610385
0.00395134340634344
0.0009567708552478629
0.0006235139684343123
0.0013419299204970976
0.0002386433864260919
4.1821945551526674e-07
3.200515897274475e-05
4.158370540949312e-05
3.491836899647325e-05
0.00016458615465068615
0.00010605784974451842
0.0002279733441721462
0.0005234931781946105
0.0005320050305573733
0.0009155556871907062
0.000663571115945747
0.0006010862946793585
0.0003946924086154945
0.00016338180356205767
8.080798729546087e-05
0.0001731754152823745
8.243940034545232e-05
9.256233596632511e-05
0.0001586201415237477
0.00014043886450120028
0.000441784146321633
0.00015744354151097024
0.00014043886450120028
0.00032559494650050407
0.0002528734961339983
0.00045674268208358595
0.0007463541357962739
0.0007276595825308322
0.0001872499086963001
9.083464954458178e-05
0.00017948396323348096
0.00015279169001597523
0.0002956010048399243
0.00036413001603403515
0.0002118831226795302
0.0001307953730917737
0.00019931074202002955
0.0002279733441721462
0.00033343708727926277
0.00012870722034053693
0.0004643715029189002
0.00022350420217859162
8.742834526053635e-05
8.080798729546087e-05
0.00010605784974451842
7.365708741880272e-05
4.1821945551526674e-07
4.1821945551526674e-07
4.1821945551526674e-07
0.00010236444348611713
0.00018856534715428416
0.00011173100844669806
0.0001872499086963001
0.0002561158892805798
6.981586320836901e-05
4.1821945551526674e-07
4.1821945551526674e-07
4.1821945551526674e-07
4.1821945551526674e-07
4.1821945551526674e-07
4.1821945551526674e-07
2.8044755520704956e-05
3.5509614705562055e-05
4.1821945551526674e-07
0.00014485735688594262
0.0002062309774104609
0.000781023257093373
0.002460925212146792
0.005442138769660085
0.008414858717085034
0.02228106708653217
0.019099491802948912
0.006576267476927634
0.0033178329878246187
0.0015484926346175038
0.0008129718320947321
0.0007093595048953729
0.0008758670369851418
0.0025148311732406162
0.0057079305489756834
0.007135548580993752
0.022815455462487446
0.036687695991281306
0.06706613035188248
0.07022986397431048
0.08869533843721654
0.033336202163607775
0.014886918747152625
0.005640417972605003
0.0018979728428437986
0.0025476764600078036
0.0013992538697137854
0.0006985656295900247
0.002503966746635501
0.002910123454483429
0.001268692284931326
0.001216072887755613
0.0013109781930799678
0.0014926850057415204
0.002002192483946326
0.0020652981691893623
0.002056176595653847
0.0013481962197057977
0.0018229852200691528
0.0025366858851971295
0.0028731454489136637
0.002910123454483429
0.002020046053099673
0.002225950654857857
0.0012627495225946493
0.0006106152079360141
0.0007057461532181393
0.0004695136004138804
0.00018988688758190964
7.679718850208893e-05
0.0003374112910335575
0.0005493662218883016
4.1821945551526674e-07
4.1821945551526674e-07
4.1821945551526674e-07
4.1821945551526674e-07
4.1821945551526674e-07
4.1821945551526674e-07
4.1821945551526674e-07
4.1821945551526674e-07
4.1821945551526674e-07
4.1821945551526674e-07
4.1821945551526674e-07
4.1821945551526674e-07
4.1821945551526674e-07
4.1821945551526674e-07
4.1821945551526674e-07
4.1821945551526674e-07
0.0006601535047763028
0.0035624044533169585
0.02824255423092406
0.06272719951825492
0.0820657253216741
0.04678336503381818
0.0696273865278745
0.04495272174900167
0.041603234821596134
0.0343127893222466
0.010156085100450843
0.004983418304291585
0.020956804970967465
0.0006914462789859401
0.000680880909922902
0.0004986165862316802
0.0004643715029189002
0.0015203641295567913
0.001274659386318895
0.0009521143654081079
0.0004467264304891549
0.0005464411068189754
0.0001586201415237477
0.00047210165104128615
0.0002779262205489508
2.6388658180851257e-05
4.473367325742414e-05
4.1821945551526674e-07
4.1821945551526674e-07
4.1821945551526674e-07
8.314352761504461e-06
4.1821945551526674e-07
4.1821945551526674e-07
4.1821945551526674e-07
4.1821945551526674e-07
0.00025938796284476434
0.0004517124903135617
0.0002920017575511931
0.000582395382984946
0.0010141913458926821
0.0003103276022935584
0.00017948396323348096
0.0030753117837907444
0.008906962037410326
0.019499268564331425
0.02131756743995468
0.04664033219173955
0.07414702021756162
0.13305889832618406
0.12415466518140893
0.0843849919228068
0.05914761628732755
0.08415066711865615
0.08002351097088767
0.07912941226508959
0.05574116537147846
0.05048219319177092
0.008740155310127342
0.00465295623504171
0.0011653603247968223
0.00353281964308739
0.011223562021395761
0.0283355462028866
0.2696660655414693
0.2521274517853529
0.06863281697533041
0.037747921873843696
0.021683746631835112
0.0025148311732406162
0.0023871828582324056
0.0008129718320947321
0.00010793100595410505
5.883189825385341e-05
0.000520680561339854
0.0017744586042466746
0.0025920636150678794
0.0057079305489756834
0.004151165420451243
0.0036071965376023056
0.00274111447497336
0.0019494667108922695
0.0008008640424062941
0.0005793271690282299
0.0005611947065115004
0.0014122793490134221
0.005292251718020012
0.006373721983397192
0.0040169743030444285
0.0011709028614675493
0.0012987729931373108
0.00017948396323348096
4.1821945551526674e-07
4.1821945551526674e-07
4.1821945551526674e-07
0.0001329032663872059
0.00031789255186428415
0.000702148214832408
4.1821945551526674e-07
4.1821945551526674e-07
4.1821945551526674e-07
4.1821945551526674e-07
4.1821945551526674e-07
4.1821945551526674e-07
4.1821945551526674e-07
4.1821945551526674e-07
4.1821945551526674e-07
4.1821945551526674e-07
4.1821945551526674e-07
4.1821945551526674e-07
4.1821945551526674e-07
4.1821945551526674e-07
4.1821945551526674e-07
4.1821945551526674e-07
0.0005377417627940676
0.0010141913458926821
0.0007239682548237936
4.1821945551526674e-07
4.1821945551526674e-07
