0.19568735916628419
0.23596067697839662
0.14717161383246244
0.10979375989480508
0.11664470192080345
0.11096136680267212
0.0848552505853983
0.05048219319177092
0.03692106635256641
0.03932568085771594
0.011989374694640025
0.0042718531297889495
0.0023664775456735177
0.002752889821388912
0.0019235674219907199
0.001643093923662244
0.0007166326897645051
0.00014043886450120028
0.00014153573219890015
2.9162454700535683e-05
1.3016494535658117e-05
3.5509614705562055e-05
5.0600355984208145e-05
9.695428540951934e-05
8.162174125383187e-05
0.00010605784974451842
0.0001329032663872059
0.00017193119130851287
0.00018594054607975617
0.0001307953730917737
0.00026268996787294355
0.00038136055718638814
6.385895442358655e-05
3.1431029280470095e-05
0.0001516422465441735
0.0002577482003649342
0.000656750541082985
0.00056418408999548
0.0005435286923250356
0.0007388284839669272
0.0019407995573962398
0.0013232833031632373
0.0020652981691893623
0.002139571173391089
0.0032762647527293776
0.0038706528050766686
0.004709809456243058
0.003902750673720224
0.004306906337175893
0.004748055660677969
0.0038706528050766686
0.003984038118237572
0.003474307268425031
0.004884112706365011
0.006128380824829277
0.007707237859848668
0.008351108304631753
0.006499649523826324
0.005776163963384573
0.0028731454489136637
0.003181073922080564
0.0036829685662954485
0.00278848665709045
0.0017038044238819384
0.004134175380177595
0.004728898006598107
0.00465295623504171
0.002776575758569682
0.0037446062340122706
0.0028124450867312942
0.0012275990476002978
0.00019658704091714873
5.7426549990513285e-05
0.00014263775514800113
0.00034750414317488595
0.00024966053426639015
0.0003434398430102302
0.0007501410637825599
0.00032365633711590086
0.00021909616434388082
0.00029021430607381046
0.0002727781110895458
0.00017948396323348096
0.00014263775514800113
4.1821945551526674e-07
4.1821945551526674e-07
4.1821945551526674e-07
4.1821945551526674e-07
8.314352761504461e-06
3.3161891666773284e-05
1.6949692108200303e-05
6.0494664229690885e-06
4.1821945551526674e-07
4.1821945551526674e-07
4.1821945551526674e-07
4.1821945551526674e-07
5.883189825385341e-05
9.96400723984018e-05
9.606750913543733e-05
0.00031789255186428415
0.0001769429578319006
0.0003683801846117332
0.00028139742255089696
0.0013294735556615524
0.002648514499756252
0.002130159428541079
0.0019321665013298404
0.002752889821388912
0.005595806755307587
0.020530946857447573
0.11154890831958139
0.16968788064392756
0.33217974092524205
0.30797821052269847
0.24179739409378892
0.09892105611642767
0.12674197719671063
0.22816980007213886
0.22868318621939202
0.18847577093378776
0.1934116136574296
0.3451034388711539
0.4549342625114159
0.4410313597079112
0.504200612027127
0.5107664321162924
0.34098575433594575
0.21121903466187533
0.06346445782629473
0.02424124117914736
0.011306454758031572
0.009076595141458685
0.006917675543123764
0.0033598712590469067
0.000687909394369356
0.0035922102832444012
0.007445112471145236
0.01085717516984829
0.013563071837964664
0.00960286656196985
0.00971131745255508
0.008414858717085034
0.00673192570027706
0.005985256754639018
0.007274807028869528
0.010462557603707626
0.006550639078015694
0.008193609716285957
0.008806541449961727
0.011815305553728974
0.017388092166844366
0.00870712954159419
0.00432452913543862
0.00857613427653288
0.004578106139546013
0.00411724749795121
0.0037446062340122706
0.0009947311293911074
0.0013481962197057977
0.0008977309377083141
0.0003374112910335575
0.000504060432779641
0.0008418279273899678
0.0006499883264002561
0.0013232833031632373
0.0016505770507984992
0.0018066811471191301
0.0017905059144489725
0.002376810169798905
0.0027647101980360672
0.0035624044533169585
0.003416661613122926
0.00343099239861529
0.004151165420451243
0.004559562564015016
0.003101453955822812
0.0029726968575182616
0.003036466909553781
0.0032215635279405626
0.0033458059853846097
0.005250109815062958
0.00527114313988333
0.003101453955822812
0.0037757692001037734
0.0027647101980360672
0.0036524908640808737
0.00311459921530487
0.0026371375840361514
0.002345931936117372
0.0025148311732406162
0.002335718674598874
0.0030883582006644853
0.005377443295494474
0.005398931694367903
0.005334695579377829
0.004289347737468241
0.0018979728428437986
0.004359968156507519
0.0203906866834103
0.1585065404756802
0.18758874666600192
0.33758011596737725
0.41248792405381657
0.20880807712453572
0.15503693777960895
0.08675786528805493
0.0668724081258263
0.07247615835675092
0.05742314847424986
0.05393911080009153
0.06982773270420488
0.08627896084981332
0.08604032347168299
0.10244367428403946
0.12004028294141447
0.14753891762627494
0.20404826684416083
0.5015396540659302
0.30797821052269847
0.15503693777960895
0.05491585836409232
0.002408048984726452
0.0002020597020269302
0.00028843492427793436
0.0013109781930799678
0.0016061241963045575
0.001814817020973844
0.0021775879297759155
0.0022752640787403727
0.004342216339337198
0.003729111066298808
0.003547584511888152
0.005730594596212479
0.008224896123067472
0.005166724347530129
0.0010849067501271328
0.0006399534299313105
0.0004130301013945983
0.00024175527353689227
0.00022350420217859162
0.00028843492427793436
0.00025126335178731157
0.00010605784974451842
8.827383307993124e-05
0.0001562724199942784
0.00016579612833594138
8.243940034545232e-05
0.0001459749809415802
6.905863929706567e-05
5.9539684819780406e-05
3.405007458945186e-06
4.1821945551526674e-07
0.00018463723327818477
0.005685346594435422
0.01054044687103602
0.01177213962581327
0.02004369910998198
0.01684836625327007
0.013908844580335337
0.011264940791642497
0.013958870893501247
0.013082288792016523
0.01085717516984829
0.012754768152018781
0.013759714330294692
0.01225473752907891
0.01038517966287051
0.01684836625327007
0.021390367810848406
0.029859901542760667
0.05776461785512663
0.2708270254236186
0.3016548010723033
0.40862029347242096
0.010462557603707626
0.0031945197208638754
0.002910123454483429
0.002149019766305547
0.0017905059144489725
0.0015064688030622597
0.001750625499791944
0.001643093923662244
0.000742583296686175
0.0006170367566425887
0.00024175527353689227
0.00011077424712389733
9.083464954458178e-05
5.0600355984208145e-05
3.405007458945186e-06
8.314352761504461e-06
2.9725432284022987e-05
4.1821945551526674e-07
4.1821945551526674e-07
4.1821945551526674e-07
4.1821945551526674e-07
4.1821945551526674e-07
4.1821945551526674e-07
4.1821945551526674e-07
4.1821945551526674e-07
4.1821945551526674e-07
4.1821945551526674e-07
4.1821945551526674e-07
4.1821945551526674e-07
4.1821945551526674e-07
4.1821945551526674e-07
4.1821945551526674e-07
4.1821945551526674e-07
0.00016338180356205767
0.00047210165104128615
0.00021619103647832667
9.784529217673233e-05
0.0001307953730917737
2.421818204057534e-05
8.080798729546087e-05
0.00022202810530335486
0.00014822598926857454
6.313036111282722e-05
0.00014043886450120028
1.3499666068525922e-05
4.1821945551526674e-07
3.3161891666773284e-05
4.1821945551526674e-07
4.1821945551526674e-07
4.1821945551526674e-07
4.1821945551526674e-07
4.1821945551526674e-07
4.1821945551526674e-07
4.1821945551526674e-07
4.1821945551526674e-07
0.00021474845638305248
0.00026435227366281293
0.00012054859646342047
4.1821945551526674e-07
4.1821945551526674e-07
4.1821945551526674e-07
4.1821945551526674e-07
4.1821945551526674e-07
4.1821945551526674e-07
4.1821945551526674e-07
4.1821945551526674e-07
4.1821945551526674e-07
4.1821945551526674e-07
4.1821945551526674e-07
0.0001769429578319006
0.00033541973076333656
0.0006138190518854449
0.0015343718000682802
0.0019581680828902135
0.0020928783546389725
0.0032215635279405626
0.003101453955822812
0.005064157628781635
0.0021207844027067795
0.0012806509170751551
0.0011933023417513887
0.001750625499791944
0.0024290770426978556
0.0037136731908849635
0.007648287406453735
0.005776163963384573
0.012165711194470092
0.011643478914778757
0.013908844580335337
0.025234322991113153
0.03094859108575018
0.015868956585149654
0.010658245831802428
0.004903831163202014
0.002305315415151376
0.0010490355495979438
0.000781023257093373
0.0008170420431812172
0.0011933023417513887
0.00037051953720218495
6.905863929706567e-05
6.680871455440406e-05
0.00022350420217859162
0.0002937973125004936
0.00023250437361164045
6.755508121727497e-05
0.00015049816406288805
1.6949692108200303e-05
4.1821945551526674e-07
4.1821945551526674e-07
4.1821945551526674e-07
4.1821945551526674e-07
4.1821945551526674e-07
4.1821945551526674e-07
4.1821945551526674e-07
4.1821945551526674e-07
4.1821945551526674e-07
4.1821945551526674e-07
4.1821945551526674e-07
4.1821945551526674e-07
4.1821945551526674e-07
4.1821945551526674e-07
4.1821945551526674e-07
4.1821945551526674e-07
4.1821945551526674e-07
4.1821945551526674e-07
4.1821945551526674e-07
4.1821945551526674e-07
4.1821945551526674e-07
4.1821945551526674e-07
4.1821945551526674e-07
4.1821945551526674e-07
4.1821945551526674e-07
4.1821945551526674e-07
4.1821945551526674e-07
4.1821945551526674e-07
4.1821945551526674e-07
4.1821945551526674e-07
4.1821945551526674e-07
4.1821945551526674e-07
4.1821945551526674e-07
4.1821945551526674e-07
4.1821945551526674e-07
4.1821945551526674e-07
1.3016494535658117e-05
0.00036413001603403515
0.0009382611694484275
0.0015842952420718158
0.0033739892827222193
0.006944581116478646
0.041603234821596134
0.037510072744120125
0.028899088551242375
0.023677803761370263
0.010308310172360698
0.019906358344636478
0.033122464519717607
0.046497671090935395
0.04808751207161065
0.045509389763541346
0.07456968825568903
0.14975785399661745
0.19115601747886377
0.2526799151628156
0.31181653136859205
0.5595964900960969
0.5338259736451197
0.5264065970473908
0.05810779295747137
0.03553974589661935
0.0057079305489756834
0.0006985656295900247
0.0011764682459082204
0.0014519947175024475
0.0011820565635687714
0.001043995560956266
0.0013927806258988212
0.0013927806258988212
0.0018229852200691528
0.002603267349985465
0.0035624044533169585
0.00235618484719601
0.0025476764600078036
0.0022952593816588356
0.001598818683788899
0.0016061241963045575
0.0005854769191362672
0.0005916801702416853
0.0005671864815479923
0.000663571115945747
0.0010389764514375124
0.001256831009283534
0.0015555957460850081
0.0016961091618540182
0.0013544880551919598
0.0014386489910780133
0.0013048631504227427
0.0014453083636109644
0.0007463541357962739
0.00041771707015121607
0.0005178801959965072
0.0005552547571079081
0.0005793271690282299
0.0004959124833426329
0.0012806509170751551
0.0014453083636109644
0.0010339781423582028
0.0009567708552478629
3.840275724441357e-06
4.1821945551526674e-07
4.1821945551526674e-07
3.5509614705562055e-05
3.911842671788757e-05
5.0600355984208145e-05
1.4963624729961743e-05
3.1431029280470095e-05
4.1821945551526674e-07
4.1821945551526674e-07
0.00020904403731025734
0.0004799343621142991
0.0004393293094757356
0.0006499883264002561
0.0014453083636109644
0.002139571173391089
0.0021871852132458844
0.0058451249422135435
0.005799069782198611
0.005398931694367903
0.00605644129775122
0.0040169743030444285
0.005146063768521306
0.007856389297497044
0.006944581116478646
0.011858611636997734
0.016208749618005978
0.020814001809112314
0.01678931583788784
0.0062499767732257265
0.0026944603340796295
0.0019235674219907199
0.0030108139952775967
0.005229151508034038
0.007274807028869528
0.013129679416108243
0.017818324439328227
0.0181945071897701
0.014676110372052551
0.023998354013716475
0.025744000379821316
0.028899088551242375
0.023837609436773113
0.018005553270569855
0.019231944935598724
0.012077257962951185
0.015316561255320767
0.021172616167729967
0.026790255092968573
0.02582981086270475
0.01147387012962292
0.011182318071469745
0.012165711194470092
0.008069521298525523
0.022508737786021207
0.047359228717049444
0.058973235035539515
0.22007142848010422
0.24992640206821667
0.39489246150204216
0.3822085034879888
0.2929563892951498
0.2644860825683457
0.216103478351591
0.21659652776832072
0.23438701820396007
0.21170372126250536
0.15657160059122827
0.10299453041210604
0.09066811133904899
0.08092592669324342
0.06402214666682407
0.06163476383825993
0.07979920870458211
0.10107697521791585
0.01598151731797469
0.0042718531297889495
0.0008376532040222524
5.9539684819780406e-05
0.00017193119130851287
6.497946417084116e-06
9.430657331474499e-05
0.0006333351213711274
0.0008048828978411115
0.0008802031245002676
0.0005916801702416853
0.0004320294927018021
0.0013232833031632373
0.0010490355495979438
0.0007276595825308322
0.00021474845638305248
0.00022202810530335486
0.00013396466984619265
0.0002577482003649342
0.0002577482003649342
0.00046181736468723316
0.000989916526372145
0.0013048631504227427
0.0007771053425490303
0.0013048631504227427
0.0012450663710943638
0.0017192872896510238
0.0010901166359383653
0.0016061241963045575
0.0024931440806811476
0.0034598150478597866
0.0028004430481458832
0.0026944603340796295
0.0026713994826009653
0.0032488114157565753
0.0025697847741390687
0.00278848665709045
0.0027176982604409645
0.0019407995573962398
0.000961446847291135
0.0007501410637825599
0.0015273538706807768
0.002083648922144672
0.002139571173391089
0.0013544880551919598
0.0009245808409419406
0.0010490355495979438
0.0008089188057303779
0.0005263180957454422
0.0003495499855054227
0.0003217264255398145
0.0006202683771225451
0.0008418279273899678
0.0011764682459082204
0.0013927806258988212
0.0015770771019588212
0.0017664826348046017
0.0018559835865508225
0.0012275990476002978
0.0014122793490134221
0.0008211295054639289
0.0006914462789859401
0.000501332553446879
0.00047210165104128615
0.0006170367566425887
0.0009336819500010559
0.000653362167384441
0.0005291553633535824
0.0005762722244460322
0.0005948019917762669
0.0003294984034547105
0.00042007616762730306
0.00025938796284476434
0.0005979373486675574
0.000694998337551608
0.0012806509170751551
0.0010953481208964627
0.001711530429580453
0.001711530429580453
0.001750625499791944
0.0017270751151405644
0.003101453955822812
0.005229151508034038
0.0060803369091569255
0.005485654483393857
0.005187459008279755
0.005334695579377829
0.004289347737468241
0.0040501535367717945
0.0045410861370690616
0.0055736195587775235
0.005064157628781635
0.005685346594435422
0.004596717078610385
0.0035034543972150773
0.0032215635279405626
0.0038071636018825513
0.003698292419976449
0.004359968156507519
0.0037136731908849635
0.004522676644328647
0.0032488114157565753
0.003101453955822812
0.0027647101980360672
0.003023616194844175
0.002111445967228366
0.0021871852132458844
0.0019150021990455679
0.0018979728428437986
0.0015842952420718158
0.001750625499791944
0.001881077477405105
0.002503966746635501
0.0018476849267502124
0.001286666967811144
0.0009382611694484275
0.001233397655981201
0.0022653245389246185
0.002056176595653847
0.002149019766305547
0.0023255449252111257
0.0019581680828902135
0.0014188317780883927
0.001513402474356145
0.0014654487649789815
0.0010745514519462358
0.0012046408852339557
0.0020652981691893623
0.00465295623504171
0.001984478726186092
0.005003494549262657
0.015425664615029063
0.0843849919228068
0.13170870012998537
0.2126755949563277
0.40939192985138956
0.4210798316143838
0.3534401641072955
0.3060715133840471
0.23543526104093848
0.21659652776832072
0.18320129298560142
0.12970379971415305
0.11787043720281154
0.10691802904881532
0.13613693336641128
0.12904091145243118
0.16683704231722402
0.16046003195325648
0.2097699677546399
0.38147089368672965
0.23178148572939788
0.10299453041210604
0.00761896314999682
0.0014453083636109644
0.0005263180957454422
0.0010290005552960541
0.001379912648281429
0.0006601535047763028
0.0005552547571079081
0.001043995560956266
0.0014790119279027001
0.001643093923662244
0.004709809456243058
0.0010901166359383653
0.0010240436120892652
0.001221824154191636
0.0004905396802356355
0.000573230496605312
0.0006366371509984116
0.0009567708552478629
0.001043995560956266
0.001216072887755613
0.0016061241963045575
0.0022357367521706885
0.0015842952420718158
0.0014453083636109644
0.0015484926346175038
0.0018229852200691528
0.0010339781423582028
0.0004878708852915705
0.00028139742255089696
0.0005150920331559348
0.00034750414317488595
0.0002956010048399243
0.0004878708852915705
0.0005377417627940676
0.0005377417627940676
