0.1127315022082311
0.0934391244172696
0.046497671090935395
0.01548047266226579
0.011389889786547116
0.0071079839141605546
0.0038387909604015277
0.0022752640787403727
0.002225950654857857
0.002158505336723018
0.0009110714127946506
0.0008334960676498367
0.0005068002721936703
0.0003662503572543451
0.00010145200098041932
4.537292195379592e-05
9.700563668069177e-06
4.0345053192032316e-05
2.3148859973065797e-05
4.1821945551526674e-07
4.1821945551526674e-07
4.1821945551526674e-07
4.1821945551526674e-07
4.1821945551526674e-07
4.1821945551526674e-07
4.1821945551526674e-07
4.1821945551526674e-07
1.7957554246278875e-05
5.672895762444332e-05
3.200515897274475e-05
6.680871455440406e-05
7.365708741880272e-05
4.1821945551526674e-07
4.1821945551526674e-07
3.200515897274475e-05
0.0001235720783596293
0.00029021430607381046
0.0002779262205489508
0.00021331249449299235
0.0003414213099737274
0.0005552547571079081
0.0005523040883263442
0.000653362167384441
0.0007350896353687716
0.0011271951863774507
0.0011164916829414606
0.0010240436120892652
0.0006432840144544302
0.0009336819500010559
0.0010591784802942783
0.0013419299204970976
0.00123922006762104
0.001432016501392575
0.0014122793490134221
0.001750625499791944
0.0019933181903444203
0.0016732067359430047
0.0009200588058659779
0.0006010862946793585
0.0005435286923250356
0.0004695136004138804
0.0003454674415668823
0.00022202810530335486
0.00014485735688594262
0.00032365633711590086
0.00042007616762730306
0.0002386433864260919
0.00016579612833594138
0.00011173100844669806
0.00014485735688594262
0.00010982200617147932
4.096286922450232e-05
2.104156285420814e-05
4.1821945551526674e-07
3.670081527016355e-05
2.8044755520704956e-05
2.9725432284022987e-05
9.606750913543733e-05
7.443646904807915e-05
0.00015279169001597523
0.00016579612833594138
0.0001731754152823745
4.927438898930533e-05
2.860223332022215e-05
7.521960187700902e-05
3.200515897274475e-05
4.1821945551526674e-07
4.1821945551526674e-07
4.1821945551526674e-07
4.1821945551526674e-07
4.1821945551526674e-07
4.1821945551526674e-07
4.1821945551526674e-07
4.1821945551526674e-07
4.1821945551526674e-07
4.1821945551526674e-07
4.1821945551526674e-07
4.1821945551526674e-07
4.1821945551526674e-07
4.1821945551526674e-07
4.1821945551526674e-07
4.1821945551526674e-07
4.1821945551526674e-07
4.1821945551526674e-07
2.8044755520704956e-05
0.00022202810530335486
0.00038355789034384675
0.005776163963384573
0.013858976664493464
0.04852902673760691
0.21758514705313564
0.2862476476587896
0.46491117867067894
0.4532845508043343
0.5119176320269148
0.47163720949598353
0.5305876906887015
0.6706138299549012
0.7095312391065123
0.7629114380969978
0.8152663752551211
0.9166499861438089
0.9400800319935467
0.9179870046971887
0.9284520585270648
0.9448450082311921
0.8859227343373799
0.7545444326066446
0.42186657882255496
0.17466231912933367
0.09972510528871267
0.062178972430809304
0.039449351580064296
0.029376095551451764
0.03365903631773998
0.021831749936743177
0.02407907979764254
0.024568419061668824
0.021390367810848406
0.009531165294286251
0.009249095771938252
0.0074738396751538125
0.0060803369091569255
0.006474287828245006
0.006810980738864267
0.006971579998873319
0.005356031336687949
0.005662842484725026
0.006128380824829277
0.006917675543123764
0.0073311854962891726
0.0028609128320069323
0.0018476849267502124
0.0017985774832454263
0.0008629677320329522
0.00047210165104128615
0.0005854769191362672
0.0004542220473359817
0.00036413001603403515
0.000308457574302207
0.00047210165104128615
0.0005150920331559348
0.0005762722244460322
0.0003924456563210816
0.00033541973076333656
0.0005552547571079081
0.0007093595048953729
0.0008758670369851418
0.0008715491555106396
0.0011933023417513887
0.0014790119279027001
0.0012046408852339557
0.0009755925812878291
0.0013048631504227427
0.0014995630139813336
0.0013232833031632373
0.0014122793490134221
0.0014122793490134221
0.000656750541082985
0.0007577634374066777
0.001268692284931326
0.0010849067501271328
0.0005885718304898898
0.0005762722244460322
0.0005123160239849931
0.0007129883302216486
0.0005348671470728068
0.00045927443949872877
0.00043445202639833
0.0004542220473359817
0.0004932201971600888
0.00041070214547882347
0.00056418408999548
0.0006202683771225451
0.0006235139684343123
0.0005885718304898898
0.0005150920331559348
0.0014926850057415204
0.0074164837438903996
0.05426305170264967
0.09420673451618383
0.14174768963009096
0.2007653686572796
0.10271880315703721
0.06726032033992804
0.05032962285880264
0.03409366777308265
0.014886918747152625
0.00761896314999682
0.004289347737468241
0.001734894017442299
0.0019494667108922695
0.004185332782034755
0.004864465130458931
0.00894066123802762
0.013958870893501247
0.038834311205830634
0.24126244373503028
0.10466150866076243
0.002659935082715774
0.0007615990090987066
0.005961695148107732
0.003141038913760842
0.002580902805480485
0.0008544582991248565
0.00048521376522037526
0.000501332553446879
0.0004517124903135617
0.00040149286469402443
0.0005263180957454422
0.000653362167384441
0.0007350896353687716
0.0007501410637825599
0.0011709028614675493
0.0008293564506535819
0.00048521376522037526
0.00024019577330216922
4.796123798652165e-05
4.1821945551526674e-07
4.1821945551526674e-07
4.1821945551526674e-07
4.1821945551526674e-07
4.1821945551526674e-07
4.1821945551526674e-07
4.1821945551526674e-07
4.1821945551526674e-07
4.1821945551526674e-07
4.1821945551526674e-07
4.1821945551526674e-07
4.1821945551526674e-07
6.606593459121625e-05
0.0012509366552643428
0.009566956223823407
0.06309492755534901
0.09041956916428431
0.07912941226508959
0.05557527323697445
0.04692677036170058
0.035313898338726245
0.026790255092968573
0.01963414716980537
0.014416305945675022
0.009249095771938252
0.007502665649600592
0.007274807028869528
0.011182318071469745
0.010005859629393689
0.00761896314999682
0.009424505548136067
0.016381035309930944
0.028710172163452997
0.188920479583911
0.37633407457636064
0.199370687628514
0.0028731454489136637
0.0013992538697137854
0.0009708576355963556
0.0006010862946793585
0.00033541973076333656
0.00018076333501733033
0.00020068205114377293
0.00031220607875965677
0.000702148214832408
0.0007693192390129263
0.00035991763634296624
4.1821945551526674e-07
4.1821945551526674e-07
4.1821945551526674e-07
4.1821945551526674e-07
4.1821945551526674e-07
1.846523262218758e-05
4.1821945551526674e-07
4.1821945551526674e-07
4.1821945551526674e-07
4.1821945551526674e-07
4.1821945551526674e-07
4.1821945551526674e-07
4.1821945551526674e-07
4.1821945551526674e-07
4.1821945551526674e-07
4.1821945551526674e-07
4.1821945551526674e-07
4.1821945551526674e-07
4.1821945551526674e-07
4.1821945551526674e-07
4.1821945551526674e-07
4.1821945551526674e-07
4.1821945551526674e-07
4.1821945551526674e-07
4.1821945551526674e-07
4.1821945551526674e-07
4.1821945551526674e-07
4.1821945551526674e-07
4.1821945551526674e-07
4.1821945551526674e-07
4.1821945551526674e-07
4.1821945551526674e-07
4.1821945551526674e-07
4.1821945551526674e-07
4.1821945551526674e-07
4.1821945551526674e-07
4.1821945551526674e-07
4.1821945551526674e-07
4.1821945551526674e-07
4.1821945551526674e-07
4.1821945551526674e-07
4.1821945551526674e-07
4.1821945551526674e-07
4.1821945551526674e-07
4.1821945551526674e-07
4.1821945551526674e-07
4.1821945551526674e-07
4.1821945551526674e-07
4.1821945551526674e-07
4.1821945551526674e-07
4.1821945551526674e-07
4.1821945551526674e-07
4.1821945551526674e-07
4.1821945551526674e-07
4.1821945551526674e-07
4.1821945551526674e-07
4.1821945551526674e-07
4.1821945551526674e-07
4.1821945551526674e-07
5.603214164861691e-06
0.0001276704928846307
0.0002956010048399243
0.0005150920331559348
0.000702148214832408
0.001984478726186092
0.0033598712590469067
0.006008901477572134
0.0024502681563288702
0.0007202926443020933
0.0006300472849622466
0.0009382611694484275
0.0013232833031632373
0.0023871828582324056
0.0021871852132458844
0.0029726968575182616
0.007856389297497044
0.00660198531836159
0.006225486693596904
0.01678931583788784
0.03125139279338383
0.013858976664493464
0.005485654483393857
0.0020380404246511537
0.00056418408999548
0.0005377417627940676
0.00041771707015121607
8.912336769799859e-05
1.016724434801614e-05
4.1821945551526674e-07
4.1821945551526674e-07
4.1821945551526674e-07
4.1821945551526674e-07
4.1821945551526674e-07
4.1821945551526674e-07
4.1821945551526674e-07
4.1821945551526674e-07
4.1821945551526674e-07
4.1821945551526674e-07
4.1821945551526674e-07
4.1821945551526674e-07
4.1821945551526674e-07
4.1821945551526674e-07
4.1821945551526674e-07
4.1821945551526674e-07
4.1821945551526674e-07
4.1821945551526674e-07
4.1821945551526674e-07
4.1821945551526674e-07
4.1821945551526674e-07
4.1821945551526674e-07
4.1821945551526674e-07
4.1821945551526674e-07
4.1821945551526674e-07
4.1821945551526674e-07
4.1821945551526674e-07
4.1821945551526674e-07
4.1821945551526674e-07
4.1821945551526674e-07
4.1821945551526674e-07
4.1821945551526674e-07
4.1821945551526674e-07
4.1821945551526674e-07
4.1821945551526674e-07
4.1821945551526674e-07
4.1821945551526674e-07
4.1821945551526674e-07
4.1821945551526674e-07
4.1821945551526674e-07
4.1821945551526674e-07
4.1821945551526674e-07
4.1821945551526674e-07
4.1821945551526674e-07
4.1821945551526674e-07
4.1821945551526674e-07
4.1821945551526674e-07
4.730943227540553e-05
0.0010191072348358014
0.0028731454489136637
0.008069521298525523
0.02046071159730233
0.01744898955359957
0.011306454758031572
0.010618850353611162
0.01537102762897005
0.03657148640819114
0.05156118605990294
0.0802483330502932
0.07144782911186119
0.06804177442404906
0.12739546448278846
0.18582424952483045
0.22459999262508232
0.3137481731328316
0.4758712733618237
0.6675055805098127
0.6388110561432307
0.5471239733222091
0.01667176081874334
0.006810980738864267
0.0011764682459082204
0.0005095521198254942
0.0027176982604409645
0.0017192872896510238
0.0006235139684343123
0.0003374112910335575
0.00047210165104128615
0.0003414213099737274
0.00035160500637010464
0.0006333351213711274
0.0008048828978411115
0.0005885718304898898
0.0005234931781946105
0.00041771707015121607
0.00030659595969815087
0.00038136055718638814
0.0007388284839669272
0.0006042488837659213
0.000573230496605312
0.0005493662218883016
0.0005291553633535824
0.0005234931781946105
0.0004643715029189002
0.0003434398430102302
0.00020483413783674347
0.00028139742255089696
0.00035782552040111097
0.000656750541082985
0.000573230496605312
0.0005552547571079081
0.00037699513950966535
0.0002577482003649342
0.00032365633711590086
0.0003314633237433007
0.00048256827308419155
0.00026938478612209435
0.0003314633237433007
0.00036413001603403515
0.00011855659456442669
8.742834526053635e-05
8.827383307993124e-05
0.00016579612833594138
0.00011756762735174486
0.00011365817210826585
6.830505072691506e-05
0.0001586201415237477
7.919212530911115e-05
8.243940034545232e-05
0.00010328123033177369
0.0003028978309597897
0.00019121455620946083
0.0001872499086963001
0.0003294984034547105
0.00048521376522037526
0.0004542220473359817
0.0008293564506535819
0.000653362167384441
0.000694998337551608
0.0006670034322742025
0.0007771053425490303
0.0009947311293911074
0.0013992538697137854
0.0014453083636109644
0.0016208233344233265
0.001881077477405105
0.001814817020973844
0.001233397655981201
0.0007202926443020933
0.0006074251700725178
0.00039694916673886784
0.00014709785078284246
2.4756803752592095e-05
1.016724434801614e-05
4.1821945551526674e-07
6.948664563820461e-06
2.8044755520704956e-05
4.1821945551526674e-07
6.905863929706567e-05
9.169643306447382e-05
6.168367960567218e-05
9.256233596632511e-05
6.0965559969700685e-05
7.521960187700902e-05
4.796123798652165e-05
0.00028666357850053626
0.0006366371509984116
0.0005377417627940676
0.000989916526372145
0.002285242314654092
0.0014790119279027001
0.0011709028614675493
0.0018394190568042593
0.00432452913543862
0.008162429340855915
0.022815455462487446
0.07124362470995574
0.12035285228990268
0.17424354560459285
0.15618682990033747
0.13442003841610212
0.11392415685383588
0.0802483330502932
0.048825275993444835
0.030748134276038754
0.019974925367623454
0.007387953200404283
0.0060803369091569255
0.004983418304291585
0.0037136731908849635
0.0009066059107993605
0.001274659386318895
0.0021680280144728147
0.006525099850476593
0.00019388838349799424
4.1821945551526674e-07
4.158370540949312e-05
0.0010694058782455772
0.002111445967228366
0.0031676786338159586
0.0014722166571623976
0.00027965788675017816
0.00012255949279482532
7.600650273037106e-05
6.385895442358655e-05
3.790371682666185e-05
6.0965559969700685e-05
7.521960187700902e-05
0.00010054388364771395
6.168367960567218e-05
0.00011756762735174486
0.00010982200617147932
0.00012663863619487018
4.993576321616549e-05
0.00013717896926209862
0.0002104603129225877
0.00037699513950966535
0.00024806501272491634
0.0003946924086154945
0.0003414213099737274
0.0004224457305175551
0.0002577482003649342
0.00023250437361164045
0.0003662503572543451
0.000573230496605312
0.0005348671470728068
0.0004224457305175551
0.0005671864815479923
0.000792877225945585
0.00031220607875965677
0.0003946924086154945
0.0005435286923250356
0.00047731198571059345
0.0001276704928846307
4.796123798652165e-05
5.603473276198844e-05
4.1821945551526674e-07
4.1821945551526674e-07
4.1821945551526674e-07
4.1821945551526674e-07
4.1821945551526674e-07
4.1821945551526674e-07
4.1821945551526674e-07
4.1821945551526674e-07
4.1821945551526674e-07
4.1821945551526674e-07
4.1821945551526674e-07
4.1821945551526674e-07
4.1821945551526674e-07
4.1821945551526674e-07
4.1821945551526674e-07
4.1821945551526674e-07
4.1821945551526674e-07
4.1821945551526674e-07
4.1821945551526674e-07
4.1821945551526674e-07
4.1821945551526674e-07
4.1821945551526674e-07
4.1821945551526674e-07
4.1821945551526674e-07
4.1821945551526674e-07
4.1821945551526674e-07
4.1821945551526674e-07
4.1821945551526674e-07
4.1821945551526674e-07
4.1821945551526674e-07
4.1821945551526674e-07
4.1821945551526674e-07
1.0636248147226564e-05
4.096286922450232e-05
2.104156285420814e-05
7.134128251298491e-05
7.759167615548442e-05
3.85095889862212e-05
3.973024358103057e-05
0.00010699220717677692
9.784529217673233e-05
9.96400723984018e-05
7.600650273037106e-05
6.606593459121625e-05
8.574943824308297e-05
8.243940034545232e-05
5.126818191248138e-05
0.00012255949279482532
0.0001562724199942784
0.0001682330409901979
0.00028843492427793436
0.00021909616434388082
0.00028490023520555223
0.00040149286469402443
0.0008252342856446661
0.0006773891920780051
0.0008460203056030955
0.0008629677320329522
0.0010044207236565553
0.0009995658363664576
0.0009567708552478629
0.0009382611694484275
0.001216072887755613
0.0008889301977246149
0.0007968621736310426
0.0006074251700725178
0.00046181736468723316
0.0003434398430102302
0.0003414213099737274
0.00031409303892000344
0.0003992159717088013
0.00028843492427793436
0.00015510675328657192
5.883189825385341e-05
2.860223332022215e-05
7.679718850208893e-05
0.00014043886450120028
0.0001235720783596293
0.0001393471296450617
7.600650273037106e-05
4.2207575535716617e-05
2.860223332022215e-05
7.057673880861431e-05
3.085970681754776e-05
8.912336769799859e-05
0.00013184684137160913
0.0001872499086963001
0.00032754228984960423
0.0017985774832454263
0.005166724347530129
0.048676960248286875
0.0846198527922431
0.15618682990033747
0.2708270254236186
0.23913133343068493
0.24773941210844164
0.24773941210844164
0.1713337300854186
0.12004028294141447
0.11573212416295259
0.07520743209551052
0.08002351097088767
0.07309903183437604
0.0562413465574844
0.08229526411952778
0.15657160059122827
0.2521274517853529
0.4281945218451658
0.6284626787087895
0.7323778120672179
0.5429746194145543
0.0019494667108922695
0.0038387909604015277
0.0026944603340796295
0.002776575758569682
0.0014057534118719
0.0008418279273899678
0.0004799343621142991
0.0005068002721936703
0.000570201933059511
0.00044921396623693265
0.0002956010048399243
0.0001731754152823745
0.00015394651779406768
0.00010982200617147932
2.421818204057534e-05
4.1821945551526674e-07
4.1821945551526674e-07
4.1821945551526674e-07
4.1821945551526674e-07
4.1821945551526674e-07
4.1821945551526674e-07
4.1821945551526674e-07
4.1821945551526674e-07
4.1821945551526674e-07
4.1821945551526674e-07
4.1821945551526674e-07
4.1821945551526674e-07
4.1821945551526674e-07
4.1821945551526674e-07
4.1821945551526674e-07
4.1821945551526674e-07
4.1821945551526674e-07
4.1821945551526674e-07
4.1821945551526674e-07
4.1821945551526674e-07
