0.12447575744777349
0.12097994316092095
0.09191921651822818
0.032698530009576066
0.03453312180478869
0.014676110372052551
0.01916561806684785
0.00960286656196985
0.010978107529107326
0.0091108645404046
0.0007388284839669272
7.838998272353152e-05
8.243940034545232e-05
9.236195326068331e-06
4.1821945551526674e-07
4.1821945551526674e-07
4.1821945551526674e-07
4.1821945551526674e-07
4.1821945551526674e-07
4.1821945551526674e-07
4.1821945551526674e-07
4.1821945551526674e-07
4.1821945551526674e-07
4.1821945551526674e-07
4.1821945551526674e-07
4.1821945551526674e-07
4.1821945551526674e-07
4.1821945551526674e-07
4.1821945551526674e-07
4.1821945551526674e-07
4.1821945551526674e-07
4.1821945551526674e-07
4.1821945551526674e-07
4.1821945551526674e-07
4.1821945551526674e-07
4.1821945551526674e-07
4.1821945551526674e-07
4.1821945551526674e-07
4.1821945551526674e-07
4.1821945551526674e-07
4.1821945551526674e-07
4.1821945551526674e-07
4.1821945551526674e-07
4.1821945551526674e-07
4.1821945551526674e-07
4.1821945551526674e-07
4.1821945551526674e-07
4.1821945551526674e-07
4.1821945551526674e-07
4.1821945551526674e-07
4.1821945551526674e-07
4.1821945551526674e-07
4.1821945551526674e-07
4.1821945551526674e-07
4.1821945551526674e-07
4.1821945551526674e-07
4.1821945551526674e-07
0.0007889091340046143
0.002418542702172075
0.00673192570027706
0.0523437812556522
0.1052219945534455
0.12904091145243118
0.10216914292359631
0.019298472913786672
0.01769445710892179
0.02146338538147972
0.021172616167729967
0.023047880477860005
0.013858976664493464
0.005551510977130364
0.004559562564015016
0.002897750601766622
0.003181073922080564
0.01077721158265377
0.021757638346000314
0.020251265811924598
0.006176763392152942
0.004100381572728196
0.002225950654857857
0.0005885718304898898
3.61037590376232e-05
4.1821945551526674e-07
4.1821945551526674e-07
4.1821945551526674e-07
4.1821945551526674e-07
4.1821945551526674e-07
4.1821945551526674e-07
4.1821945551526674e-07
4.1821945551526674e-07
2.529808216878381e-05
4.796123798652165e-05
4.1821945551526674e-07
4.1821945551526674e-07
7.521960187700902e-05
0.0002370980828777443
0.0005979373486675574
0.00029741286861591893
0.0002956010048399243
0.0002118831226795302
0.00014374495584751581
0.0002779262205489508
0.000169460028946329
0.00026938478612209435
0.00028666357850053626
0.0003103276022935584
0.00022350420217859162
0.0002528734961339983
0.0002561158892805798
0.00034750414317488595
0.00032365633711590086
0.0007501410637825599
0.0008293564506535819
0.00048521376522037526
0.0062499767732257265
0.0055736195587775235
0.009283943655403859
0.0036071965376023056
0.0031676786338159586
0.002682907849535136
0.004844888211290228
0.03104924215473336
0.07846426348936913
0.13787111586888337
0.33690179643518725
0.5142367877406483
0.5434905293030022
0.5534410202782931
0.6721689691043493
0.673413512180949
0.6293718239045591
0.5713588294989826
0.12871047820510578
0.06610218035581555
0.05725305144336006
0.021683746631835112
0.017146366241970037
0.01548047266226579
0.02004369910998198
0.02787322613945005
0.016038060850808607
0.010118342154720855
0.002216202584700787
0.0004224457305175551
4.1821945551526674e-07
4.1821945551526674e-07
4.1821945551526674e-07
4.1821945551526674e-07
4.1821945551526674e-07
4.1821945551526674e-07
4.1821945551526674e-07
4.1821945551526674e-07
4.1821945551526674e-07
4.1821945551526674e-07
4.1821945551526674e-07
4.1821945551526674e-07
4.1821945551526674e-07
4.1821945551526674e-07
4.1821945551526674e-07
4.1821945551526674e-07
4.1821945551526674e-07
4.1821945551526674e-07
4.1821945551526674e-07
4.1821945551526674e-07
4.1821945551526674e-07
4.1821945551526674e-07
4.1821945551526674e-07
4.1821945551526674e-07
4.1821945551526674e-07
4.1821945551526674e-07
4.1821945551526674e-07
4.1821945551526674e-07
4.1821945551526674e-07
4.1821945551526674e-07
4.1821945551526674e-07
4.1821945551526674e-07
4.1821945551526674e-07
4.1821945551526674e-07
4.1821945551526674e-07
4.1821945551526674e-07
4.1821945551526674e-07
4.1821945551526674e-07
4.1821945551526674e-07
4.1821945551526674e-07
4.1821945551526674e-07
4.1821945551526674e-07
4.1821945551526674e-07
4.1821945551526674e-07
4.1821945551526674e-07
4.1821945551526674e-07
0.0005493662218883016
0.003822948066157415
0.04007271005723843
0.07846426348936913
0.0362247518875326
0.019298472913786672
0.005420496772491044
0.009318908238402939
0.02531865480503926
0.03165910589550484
0.023125813042676354
0.0343127893222466
0.02391786408130519
0.028522326347028754
0.06055831476095033
0.0811528365528932
0.07868546475863825
0.0623612672131467
0.029568797728500497
0.01916561806684785
0.0037446062340122706
0.0009066059107993605
0.0009110714127946506
0.001233397655981201
0.0013608055211462968
0.0017985774832454263
0.004151165420451243
0.0022357367521706885
0.0006843876243851368
0.0007350896353687716
0.00025938796284476434
0.0001609898722544984
0.00015510675328657192
0.00010605784974451842
0.0005263180957454422
0.0008211295054639289
0.0005611947065115004
0.0009755925812878291
0.0008933213240646586
0.0009947311293911074
0.0002920017575511931
0.0001769429578319006
4.1821945551526674e-07
4.1821945551526674e-07
4.1821945551526674e-07
4.1821945551526674e-07
4.1821945551526674e-07
4.1821945551526674e-07
4.1821945551526674e-07
4.1821945551526674e-07
4.1821945551526674e-07
4.1821945551526674e-07
0.00015279169001597523
0.00044921396623693265
0.001043995560956266
0.0011764682459082204
0.0008293564506535819
0.00013396466984619265
0.00010605784974451842
7.057673880861431e-05
0.0001516422465441735
5.397211174822401e-05
1.897542464599091e-05
4.1821945551526674e-07
4.1821945551526674e-07
4.1821945551526674e-07
4.1821945551526674e-07
4.1821945551526674e-07
4.1821945551526674e-07
4.1821945551526674e-07
4.1821945551526674e-07
4.1821945551526674e-07
4.1821945551526674e-07
4.1821945551526674e-07
4.1821945551526674e-07
4.1821945551526674e-07
4.1821945551526674e-07
4.1821945551526674e-07
4.1821945551526674e-07
4.1821945551526674e-07
4.1821945551526674e-07
4.1821945551526674e-07
4.1821945551526674e-07
4.1821945551526674e-07
4.1821945551526674e-07
4.1821945551526674e-07
4.1821945551526674e-07
4.1821945551526674e-07
4.1821945551526674e-07
4.1821945551526674e-07
4.1821945551526674e-07
4.1821945551526674e-07
4.1821945551526674e-07
4.1821945551526674e-07
4.1821945551526674e-07
0.0001516422465441735
0.0022455610096277457
0.0031277941456224197
0.010618850353611162
0.021172616167729967
0.006784537515717246
0.002752889821388912
0.00011365817210826585
4.1821945551526674e-07
4.1821945551526674e-07
4.1821945551526674e-07
4.1821945551526674e-07
4.1821945551526674e-07
4.1821945551526674e-07
0.0004878708852915705
0.002947525028008703
0.017818324439328227
0.016907599233136835
0.019231944935598724
0.007736864654712764
0.0030623145396340592
0.000961446847291135
0.0004959124833426329
0.00031409303892000344
0.00020068205114377293
0.00036201912199936194
0.0003314633237433007
0.0006170367566425887
0.00036413001603403515
0.0002076342680384362
0.00016338180356205767
3.2582108786105586e-05
4.1821945551526674e-07
4.1821945551526674e-07
4.1821945551526674e-07
4.1821945551526674e-07
4.1821945551526674e-07
4.1821945551526674e-07
4.1821945551526674e-07
4.1821945551526674e-07
4.1821945551526674e-07
4.1821945551526674e-07
4.1821945551526674e-07
4.1821945551526674e-07
1.7452377923443016e-05
2.3682204830817788e-05
5.465632490595088e-05
7.856857206639839e-06
0.00015279169001597523
0.00702585881647299
0.0020928783546389725
0.003023616194844175
0.002503966746635501
0.001009295867875269
0.0005435286923250356
0.00038355789034384675
0.00013717896926209862
4.1821945551526674e-07
4.1821945551526674e-07
4.1821945551526674e-07
4.1821945551526674e-07
4.1821945551526674e-07
4.1821945551526674e-07
4.1821945551526674e-07
4.1821945551526674e-07
4.1821945551526674e-07
4.1821945551526674e-07
4.1821945551526674e-07
4.1821945551526674e-07
4.1821945551526674e-07
4.1821945551526674e-07
4.1821945551526674e-07
6.755508121727497e-05
0.0003662503572543451
0.0004542220473359817
0.0011379873867694828
0.0004695136004138804
0.0003028978309597897
0.0005095521198254942
2.2618135368530962e-05
1.6449485304223922e-05
4.1821945551526674e-07
4.1821945551526674e-07
4.1821945551526674e-07
4.1821945551526674e-07
4.1821945551526674e-07
4.1821945551526674e-07
4.1821945551526674e-07
4.1821945551526674e-07
4.1821945551526674e-07
4.1821945551526674e-07
4.1821945551526674e-07
4.1821945551526674e-07
4.1821945551526674e-07
4.1821945551526674e-07
4.1821945551526674e-07
4.1821945551526674e-07
4.1821945551526674e-07
4.1821945551526674e-07
4.1821945551526674e-07
4.1821945551526674e-07
4.1821945551526674e-07
4.1821945551526674e-07
4.1821945551526674e-07
4.1821945551526674e-07
4.1821945551526674e-07
4.1821945551526674e-07
4.1821945551526674e-07
4.1821945551526674e-07
4.1821945551526674e-07
4.1821945551526674e-07
4.1821945551526674e-07
0.0010290005552960541
0.001814817020973844
0.0003217264255398145
0.012754768152018781
0.07351674309960224
0.5786229795388922
0.7773326640352727
0.6585109545834715
0.6437119819529049
0.35765928428553084
0.06346445782629473
0.014676110372052551
0.002002192483946326
0.03634001503536974
0.02198063490126284
0.5427169622678204
0.0362247518875326
0.5432324751763594
0.592022430428935
0.5232508316995975
0.014467939730376066
0.00010982200617147932
4.1821945551526674e-07
4.1821945551526674e-07
4.1821945551526674e-07
4.1821945551526674e-07
4.1821945551526674e-07
4.1821945551526674e-07
4.1821945551526674e-07
4.1821945551526674e-07
4.1821945551526674e-07
4.1821945551526674e-07
4.1821945551526674e-07
4.1821945551526674e-07
4.1821945551526674e-07
4.1821945551526674e-07
4.1821945551526674e-07
4.1821945551526674e-07
4.1821945551526674e-07
4.1821945551526674e-07
4.1821945551526674e-07
4.1821945551526674e-07
4.1821945551526674e-07
4.1821945551526674e-07
4.1821945551526674e-07
4.1821945551526674e-07
4.1821945551526674e-07
4.1821945551526674e-07
4.1821945551526674e-07
4.1821945551526674e-07
4.1821945551526674e-07
4.1821945551526674e-07
4.1821945551526674e-07
4.1821945551526674e-07
4.1821945551526674e-07
4.1821945551526674e-07
4.1821945551526674e-07
4.1821945551526674e-07
4.1821945551526674e-07
4.1821945551526674e-07
4.1821945551526674e-07
4.1821945551526674e-07
4.1821945551526674e-07
4.1821945551526674e-07
4.1821945551526674e-07
4.1821945551526674e-07
4.1821945551526674e-07
4.1821945551526674e-07
4.1821945551526674e-07
4.1821945551526674e-07
4.1821945551526674e-07
4.1821945551526674e-07
