0.19568735916628419
0.23596067697839662
0.22816980007213886
0.027236971936148522
0.017756295908631183
0.010346681540593875
0.0063987318396557715
0.0024396521470343145
0.001513402474356145
0.0009521143654081079
0.0013109781930799678
0.0008089188057303779
0.0006300472849622466
0.00028490023520555223
8.574943824308297e-05
5.603473276198844e-05
9.695428540951934e-05
0.0001297488399264648
8.827383307993124e-05
2.6388658180851257e-05
2.5409593341837125e-06
4.1821945551526674e-07
4.1821945551526674e-07
4.1821945551526674e-07
4.1821945551526674e-07
4.1821945551526674e-07
4.1821945551526674e-07
4.1821945551526674e-07
4.1821945551526674e-07
4.1821945551526674e-07
4.796123798652165e-05
7.759167615548442e-05
3.5509614705562055e-05
7.838998272353152e-05
1.846523262218758e-05
3.405007458945186e-06
0.00011269231009596723
0.00026435227366281293
0.00042007616762730306
0.00011756762735174486
0.0001459749809415802
0.00010605784974451842
0.00040838448570574925
0.000985121951206015
0.0010849067501271328
0.0020928783546389725
0.0028731454489136637
0.0020290255764019187
0.0028244929282907755
0.003416661613122926
0.0026371375840361514
0.0012806509170751551
0.0005377417627940676
0.0006704505116466833
0.000989916526372145
0.001105876213862849
0.0007732040245997502
0.0011006012863365347
0.0007577634374066777
0.0010849067501271328
0.0006704505116466833
0.0006202683771225451
0.0008252342856446661
0.0005916801702416853
0.0016356406669186584
0.0013356890636777683
0.001379912648281429
0.000582395382984946
0.0008376532040222524
0.00047731198571059345
0.0006235139684343123
0.0007539441433465716
0.0008418279273899678
0.0009245808409419406
0.0013671487120629345
0.0013927806258988212
0.0016356406669186584
0.0010745514519462358
0.0004442498386152374
0.00040149286469402443
0.0004986165862316802
0.0009336819500010559
0.0010591784802942783
0.0020380404246511537
0.002158505336723018
0.0008889301977246149
0.0007501410637825599
0.0007577634374066777
0.000694998337551608
0.00028139742255089696
0.0004037798870148761
0.0008802031245002676
0.0008715491555106396
0.0012627495225946493
0.002149019766305547
0.0024931440806811476
0.00395134340634344
0.004083577404007167
0.004486057606784239
0.0046153955967263485
0.005104963926303597
0.005334695579377829
0.005166724347530129
0.0016282171729369635
0.0011709028614675493
0.0011379873867694828
0.0011164916829414606
0.0011218323890546786
0.000694998337551608
0.00038355789034384675
0.00019794574759606317
9.343237658118814e-05
0.00014709785078284246
0.00017821051264611893
0.00026435227366281293
0.00019794574759606317
0.00024019577330216922
0.00023250437361164045
0.0004695136004138804
0.0008089188057303779
0.0007577634374066777
0.00034750414317488595
0.0004248258015285538
0.00042721642352334753
0.0006074251700725178
0.0005406289277940763
0.0005916801702416853
0.0006074251700725178
0.0003217264255398145
0.0004799343621142991
0.0002727781110895458
0.0005178801959965072
0.0007615990090987066
0.0006333351213711274
0.00040838448570574925
0.0011218323890546786
0.0009382611694484275
0.0007239682548237936
0.0003495499855054227
0.0001459749809415802
0.0001609898722544984
0.00013503107354289674
8.912336769799859e-05
0.0002676996508035356
0.00037917298689933097
0.00029741286861591893
4.158370540949312e-05
3.3161891666773284e-05
1.846523262218758e-05
3.790371682666185e-05
0.0001756812734667991
0.00021909616434388082
0.00026268996787294355
0.00018594054607975617
0.00019121455620946083
8.912336769799859e-05
3.1431029280470095e-05
1.4473219984252543e-05
4.1821945551526674e-07
4.1821945551526674e-07
4.1821945551526674e-07
4.1821945551526674e-07
4.1821945551526674e-07
4.1821945551526674e-07
4.1821945551526674e-07
4.1821945551526674e-07
4.1821945551526674e-07
4.796123798652165e-05
6.02509002271068e-05
8.491598333998565e-05
7.838998272353152e-05
4.1821945551526674e-07
4.1821945551526674e-07
4.1821945551526674e-07
4.1821945551526674e-07
4.1821945551526674e-07
6.948664563820461e-06
3.911842671788757e-05
0.00014709785078284246
0.0003495499855054227
0.00028490023520555223
0.00020483413783674347
0.00010420238076200091
3.61037590376232e-05
0.00010512791409933538
0.0007463541357962739
0.0007654509217765763
0.0008502304067433799
0.0005523040883263442
0.0001562724199942784
5.603473276198844e-05
2.6937980440649776e-05
4.1821945551526674e-07
1.897542464599091e-05
8.243940034545232e-05
6.532672524703607e-05
7.134128251298491e-05
5.1939255681021757e-05
4.1821945551526674e-07
4.1821945551526674e-07
4.1821945551526674e-07
4.1821945551526674e-07
4.1821945551526674e-07
4.1821945551526674e-07
4.1821945551526674e-07
4.1821945551526674e-07
4.1821945551526674e-07
4.1821945551526674e-07
4.1821945551526674e-07
4.1821945551526674e-07
6.948664563820461e-06
4.1821945551526674e-07
4.1821945551526674e-07
4.1821945551526674e-07
4.1821945551526674e-07
1.5456462989396356e-05
3.405007458945186e-06
3.4330008688587323e-05
4.537292195379592e-05
4.1821945551526674e-07
4.1821945551526674e-07
4.1821945551526674e-07
4.1821945551526674e-07
4.1821945551526674e-07
4.1821945551526674e-07
4.1821945551526674e-07
4.1821945551526674e-07
4.1821945551526674e-07
4.1821945551526674e-07
4.1821945551526674e-07
4.1821945551526674e-07
4.1821945551526674e-07
4.1821945551526674e-07
4.1821945551526674e-07
4.1821945551526674e-07
4.1821945551526674e-07
4.1821945551526674e-07
4.1821945551526674e-07
4.1821945551526674e-07
4.1821945551526674e-07
4.1821945551526674e-07
4.1821945551526674e-07
4.1821945551526674e-07
7.210951080430608e-05
0.00028666357850053626
0.00048256827308419155
0.0018066811471191301
0.0020652981691893623
0.0018394190568042593
0.002729384005579416
0.0038387909604015277
0.005485654483393857
0.006104316665286051
0.0021968199958897934
0.0017427441082966187
0.0022952593816588356
0.0028609128320069323
0.005313435785604869
0.005730594596212479
0.005187459008279755
0.006550639078015694
0.006449014494575834
0.0033178329878246187
0.006449014494575834
0.008641410991126185
0.006525099850476593
0.007916766324608868
0.0030623145396340592
0.001221824154191636
0.0008672494103550535
0.0007693192390129263
0.0006333351213711274
0.0007654509217765763
0.0005435286923250356
0.00035160500637010464
0.00017442543432576272
6.240527475761141e-05
4.1821945551526674e-07
4.1821945551526674e-07
4.1821945551526674e-07
4.1821945551526674e-07
4.1821945551526674e-07
4.1821945551526674e-07
4.1821945551526674e-07
4.1821945551526674e-07
4.1821945551526674e-07
4.473367325742414e-05
0.00015279169001597523
6.02509002271068e-05
0.0002118831226795302
7.600650273037106e-05
2.0521199297108956e-05
4.1821945551526674e-07
4.1821945551526674e-07
4.927438898930533e-05
7.679718850208893e-05
1.6449485304223922e-05
2.0003396264418724e-05
4.1821945551526674e-07
4.1821945551526674e-07
4.1821945551526674e-07
4.1821945551526674e-07
4.1821945551526674e-07
4.1821945551526674e-07
8.385352447237871e-07
6.313036111282722e-05
2.6388658180851257e-05
4.1821945551526674e-07
1.3016494535658117e-05
4.1821945551526674e-07
4.1821945551526674e-07
2.112159305155292e-06
5.603473276198844e-05
9.695428540951934e-05
4.1821945551526674e-07
4.1821945551526674e-07
1.7957554246278875e-05
4.1821945551526674e-07
4.1821945551526674e-07
4.1821945551526674e-07
1.7452377923443016e-05
3.200515897274475e-05
0.0001562724199942784
6.02509002271068e-05
4.1821945551526674e-07
4.1821945551526674e-07
4.1821945551526674e-07
4.1821945551526674e-07
4.1821945551526674e-07
1.5456462989396356e-05
5.2613592031081934e-05
2.0521199297108956e-05
4.1821945551526674e-07
1.3499666068525922e-05
0.0002062309774104609
2.6388658180851257e-05
8.326098202658756e-05
6.606593459121625e-05
9.518494464757733e-05
0.00019254837936965512
0.0001820486535206696
0.00036413001603403515
0.00123922006762104
0.0022653245389246185
0.002149019766305547
0.002020046053099673
0.0010591784802942783
0.0010044207236565553
0.0018643151532579132
0.002935010507847686
0.0034598150478597866
0.00735952054840028
0.006679678219286961
0.01077721158265377
0.013082288792016523
0.013035049475121997
0.00699867247156005
0.0029853544891412036
0.0019933181903444203
0.00353281964308739
0.007589739142927908
0.007796422880902696
0.004066834791828201
0.003984038118237572
0.001711530429580453
0.0008129718320947321
0.0008977309377083141
0.0006704505116466833
0.00024175527353689227
0.00017442543432576272
0.0001493594193483699
3.973024358103057e-05
1.3499666068525922e-05
9.96400723984018e-05
0.00011756762735174486
5.1939255681021757e-05
3.0291178746524636e-05
2.9162454700535683e-05
4.1821945551526674e-07
4.796123798652165e-05
0.00017948396323348096
8.912336769799859e-05
0.0001586201415237477
0.00011756762735174486
8.243940034545232e-05
0.00014153573219890015
0.00020068205114377293
0.0003374112910335575
0.00056418408999548
0.00021764026301633705
0.00012870722034053693
2.1564498780108763e-05
3.085970681754776e-05
4.1821945551526674e-07
4.1821945551526674e-07
4.1821945551526674e-07
4.1821945551526674e-07
4.1821945551526674e-07
4.1821945551526674e-07
4.1821945551526674e-07
4.1821945551526674e-07
4.1821945551526674e-07
4.1821945551526674e-07
4.1821945551526674e-07
4.1821945551526674e-07
4.1821945551526674e-07
4.1821945551526674e-07
4.1821945551526674e-07
4.1821945551526674e-07
4.1821945551526674e-07
4.1821945551526674e-07
4.1821945551526674e-07
4.1821945551526674e-07
4.1821945551526674e-07
4.1821945551526674e-07
4.1821945551526674e-07
4.1821945551526674e-07
4.1821945551526674e-07
1.016724434801614e-05
4.1821945551526674e-07
2.112159305155292e-06
3.2582108786105586e-05
0.0001562724199942784
0.00010512791409933538
0.00016701174896730338
0.00031220607875965677
0.000520680561339854
0.0010745514519462358
0.0005582182793898238
0.0007057461532181393
0.00036201912199936194
0.00045927443949872877
0.0005762722244460322
0.0007539441433465716
0.0003992159717088013
0.00037051953720218495
0.0003454674415668823
0.0003683801846117332
0.0006300472849622466
0.0014188317780883927
0.0024931440806811476
0.006576267476927634
0.005822056691468791
0.008319394650166083
0.005640417972605003
0.002729384005579416
0.0015627274584292538
0.0009755925812878291
0.001132580157870841
0.0006914462789859401
0.0007276595825308322
0.0006601535047763028
0.0007388284839669272
0.001814817020973844
0.0006914462789859401
0.0003748269751917197
0.0003879820059015201
0.0006333351213711274
0.0010591784802942783
0.002580902805480485
0.0055736195587775235
0.010118342154720855
0.009931489686731021
0.005891506475369236
0.013417223648895289
0.009353989856909837
0.005187459008279755
0.003698292419976449
0.0036524908640808737
0.005685346594435422
0.005463857926285648
0.00575333898464071
0.0030108139952775967
0.0017270751151405644
0.001386333584095733
0.0018559835865508225
0.0017744586042466746
0.0011933023417513887
0.000989916526372145
0.0009708576355963556
0.000570201933059511
0.00035574273565322127
0.000573230496605312
0.0005979373486675574
0.0004799343621142991
8.162174125383187e-05
7.999812108526679e-05
0.00010420238076200091
0.00015394651779406768
0.0003879820059015201
0.00021909616434388082
0.00010236444348611713
4.0345053192032316e-05
1.7452377923443016e-05
4.1821945551526674e-07
4.1821945551526674e-07
7.210951080430608e-05
4.993576321616549e-05
4.277720311343643e-06
4.1821945551526674e-07
2.2618135368530962e-05
4.1821945551526674e-07
6.948664563820461e-06
0.00043445202639833
0.0005464411068189754
0.0005493662218883016
0.00030106124730696775
5.672895762444332e-05
4.1821945551526674e-07
4.1821945551526674e-07
2.1564498780108763e-05
9.430657331474499e-05
7.521960187700902e-05
0.00014485735688594262
0.0001562724199942784
0.00023250437361164045
0.00027965788675017816
0.0002309871053579922
0.0001297488399264648
0.0002779262205489508
0.00018463723327818477
4.1821945551526674e-07
4.1821945551526674e-07
4.1821945551526674e-07
4.1821945551526674e-07
4.283449344976104e-05
1.1581268460831754e-05
4.1821945551526674e-07
4.1821945551526674e-07
5.15917927094416e-06
2.3682204830817788e-05
9.96400723984018e-05
0.0001609898722544984
0.00022202810530335486
0.00011077424712389733
4.796123798652165e-05
0.00013826050530950476
0.0001276704928846307
3.730079673663818e-05
0.0007388284839669272
0.0012275990476002978
0.0008089188057303779
0.00047210165104128615
0.0008048828978411115
0.0017585383043655842
0.0035772796495436945
0.0013419299204970976
0.001233397655981201
0.001513402474356145
0.0007889091340046143
0.0008048828978411115
0.0003879820059015201
0.000501332553446879
0.0008089188057303779
0.0008672494103550535
0.0005150920331559348
0.00047470109744106635
0.0002020597020269302
0.00014709785078284246
0.00017948396323348096
0.0003434398430102302
0.00032754228984960423
0.00018594054607975617
0.00024019577330216922
4.1821945551526674e-07
4.1821945551526674e-07
4.1821945551526674e-07
4.1821945551526674e-07
4.1821945551526674e-07
4.1821945551526674e-07
4.1821945551526674e-07
4.1821945551526674e-07
2.749000873286707e-05
4.1821945551526674e-07
4.1821945551526674e-07
4.1821945551526674e-07
4.1821945551526674e-07
1.6854952576662474e-06
4.1821945551526674e-07
4.1821945551526674e-07
4.1821945551526674e-07
4.1821945551526674e-07
2.3682204830817788e-05
3.61037590376232e-05
2.860223332022215e-05
1.0636248147226564e-05
1.897542464599091e-05
7.443646904807915e-05
0.00019254837936965512
0.0002577482003649342
0.0003992159717088013
0.0004799343621142991
6.830505072691506e-05
8.827383307993124e-05
5.883189825385341e-05
4.409752831835428e-05
7.999812108526679e-05
0.0004248258015285538
0.0002062309774104609
7.210951080430608e-05
8.491598333998565e-05
0.00025938796284476434
0.0003047427235255585
0.000653362167384441
0.0004393293094757356
0.0004037798870148761
0.0002727781110895458
6.606593459121625e-05
5.126818191248138e-05
0.00012458945008389163
0.0005348671470728068
0.0006042488837659213
0.0007693192390129263
0.0005178801959965072
0.00020904403731025734
0.00012458945008389163
6.755508121727497e-05
0.00011365817210826585
4.1821945551526674e-07
1.0636248147226564e-05
4.1821945551526674e-07
4.1821945551526674e-07
4.1821945551526674e-07
4.1821945551526674e-07
4.1821945551526674e-07
4.1821945551526674e-07
4.1821945551526674e-07
4.1821945551526674e-07
4.1821945551526674e-07
4.1821945551526674e-07
4.1821945551526674e-07
4.1821945551526674e-07
4.1821945551526674e-07
4.1821945551526674e-07
4.1821945551526674e-07
4.1821945551526674e-07
4.1821945551526674e-07
4.1821945551526674e-07
4.1821945551526674e-07
4.1821945551526674e-07
4.1821945551526674e-07
4.1821945551526674e-07
4.1821945551526674e-07
4.1821945551526674e-07
4.1821945551526674e-07
4.1821945551526674e-07
4.1821945551526674e-07
4.1821945551526674e-07
8.912336769799859e-05
0.00011173100844669806
0.00012561162899256146
2.9725432284022987e-05
8.326098202658756e-05
0.00022350420217859162
0.00046693689962801937
0.00123922006762104
0.0008845574880146694
0.002418542702172075
0.0038387909604015277
0.004983418304291585
0.0012275990476002978
0.0003536692437214269
0.0005095521198254942
0.0002727781110895458
6.606593459121625e-05
4.1821945551526674e-07
2.209001896969392e-05
0.00010699220717677692
0.00015049816406288805
0.00029741286861591893
0.00018333994436650383
8.997696714995678e-05
5.672895762444332e-05
0.0001516422465441735
0.0003294984034547105
0.0003394118050657009
0.0007654509217765763
0.0006739124121509291
8.574943824308297e-05
2.3148859973065797e-05
4.1821945551526674e-07
4.1821945551526674e-07
4.1821945551526674e-07
4.1821945551526674e-07
4.1821945551526674e-07
4.1821945551526674e-07
4.1821945551526674e-07
4.1821945551526674e-07
4.1821945551526674e-07
4.1821945551526674e-07
4.1821945551526674e-07
4.1821945551526674e-07
2.0521199297108956e-05
8.742834526053635e-05
0.00025126335178731157
0.0009200588058659779
0.0014587081515780988
0.0017038044238819384
0.0014587081515780988
0.0022653245389246185
0.0013481962197057977
0.0013927806258988212
0.0021775879297759155
0.0011709028614675493
0.001132580157870841
0.0010290005552960541
0.0006010862946793585
0.00278848665709045
0.0024931440806811476
0.0035624044533169585
0.0023871828582324056
0.0021775879297759155
0.004431625730112061
0.005250109815062958
0.008256288872701979
0.0060803369091569255
0.0048059454493185735
0.006008901477572134
0.010080723829419325
0.011264940791642497
0.012389358500156971
0.014160568625864513
0.012801108195745188
0.009531165294286251
0.009424505548136067
0.007053139316229207
0.009894489186043224
0.013177221757724856
0.006784537515717246
0.004486057606784239
0.0028854246527810767
0.0025148311732406162
0.0023664775456735177
0.0022357367521706885
0.0023255449252111257
0.003036466909553781
0.0024290770426978556
0.0014122793490134221
0.0013356890636777683
0.0007968621736310426
0.0009021591095687292
0.0009995658363664576
0.001216072887755613
0.0008418279273899678
0.0004643715029189002
0.0003454674415668823
7.365708741880272e-05
0.00010887426571354678
0.00018594054607975617
0.0002956010048399243
0.0003028978309597897
0.0003879820059015201
0.00021909616434388082
0.0003857650264925249
4.1821945551526674e-07
4.1821945551526674e-07
4.1821945551526674e-07
4.1821945551526674e-07
4.1821945551526674e-07
4.1821945551526674e-07
4.1821945551526674e-07
4.1821945551526674e-07
4.1821945551526674e-07
4.1821945551526674e-07
4.1821945551526674e-07
4.1821945551526674e-07
4.1821945551526674e-07
4.1821945551526674e-07
4.1821945551526674e-07
4.1821945551526674e-07
4.1821945551526674e-07
4.1821945551526674e-07
4.1821945551526674e-07
4.1821945551526674e-07
4.1821945551526674e-07
4.1821945551526674e-07
4.1821945551526674e-07
4.1821945551526674e-07
4.1821945551526674e-07
4.1821945551526674e-07
4.1821945551526674e-07
4.1821945551526674e-07
4.1821945551526674e-07
4.1821945551526674e-07
4.1821945551526674e-07
4.1821945551526674e-07
4.1821945551526674e-07
4.1821945551526674e-07
4.1821945551526674e-07
9.430657331474499e-05
7.600650273037106e-05
4.1821945551526674e-07
0.00016458615465068615
0.00014263775514800113
0.0003217264255398145
0.0002992329380035534
0.0002279733441721462
0.0002528734961339983
0.0002937973125004936
0.0002528734961339983
0.00047731198571059345
0.0006366371509984116
0.0005068002721936703
0.00056418408999548
0.0005320050305573733
0.00035574273565322127
0.00040149286469402443
0.00015394651779406768
0.00012561162899256146
0.00010699220717677692
0.00026938478612209435
0.000308457574302207
0.00040149286469402443
0.00037051953720218495
0.0006267735858813675
0.0007539441433465716
0.0010694058782455772
0.0014722166571623976
0.0013544880551919598
0.001105876213862849
0.0010591784802942783
0.000961446847291135
0.001009295867875269
0.0011709028614675493
0.0025476764600078036
0.0030753117837907444
0.004467847636055881
0.003729111066298808
0.004844888211290228
0.004522676644328647
0.0038387909604015277
0.004254422308164316
0.0048059454493185735
0.0061525296471235105
0.005003494549262657
0.004185332782034755
0.0038071636018825513
0.002776575758569682
0.0032762647527293776
0.008511296832645851
0.0091108645404046
0.008131354686000633
0.005250109815062958
0.0032762647527293776
0.0031945197208638754
0.002525737504588861
0.001216072887755613
0.0010044207236565553
0.001906470712529226
0.0011271951863774507
0.0006399534299313105
0.00035160500637010464
0.0003394118050657009
4.601528854671915e-05
5.8127525099462624e-05
1.7452377923443016e-05
0.00010605784974451842
8.574943824308297e-05
5.603473276198844e-05
0.00021331249449299235
0.0005916801702416853
0.000680880909922902
0.0010389764514375124
0.0014995630139813336
0.001386333584095733
0.0010141913458926821
0.0015842952420718158
0.0002528734961339983
0.00024175527353689227
0.00040838448570574925
0.0006333351213711274
0.0015770771019588212
0.002020046053099673
0.0013232833031632373
0.000792877225945585
0.0010849067501271328
0.0010044207236565553
0.0013735177227402026
0.0010953481208964627
0.0010901166359383653
0.0015064688030622597
0.001643093923662244
0.003984038118237572
0.0046341419099830685
0.0032762647527293776
0.002139571173391089
0.0018895084707577679
0.002158505336723018
0.0026944603340796295
0.0026371375840361514
0.0025697847741390687
0.0011218323890546786
0.0007463541357962739
0.0004060770801437846
0.00013184684137160913
0.00046181736468723316
0.002603267349985465
0.005442138769660085
0.0063987318396557715
0.004185332782034755
0.005084524199883995
0.005822056691468791
0.0045410861370690616
0.0037446062340122706
0.004306906337175893
0.005003494549262657
0.0024931440806811476
0.012344340119814405
0.018836982735661235
0.01667176081874334
0.0034888536583252924
0.0028244929282907755
0.0016961091618540182
0.0018229852200691528
0.0032080161995344646
0.00857613427653288
0.016323428540087514
0.004168217820359609
0.0013544880551919598
0.0001872499086963001
4.1821945551526674e-07
6.680871455440406e-05
7.759167615548442e-05
8.658688627788707e-05
0.000504060432779641
0.00025126335178731157
0.0003924456563210816
0.0017664826348046017
0.004864465130458931
0.0016208233344233265
0.002659935082715774
0.00311459921530487
0.01615167654114497
0.003181073922080564
0.001187667900179414
0.005961695148107732
0.00788652633303551
0.008100385441667206
0.010658245831802428
0.0075315906888705
0.007589739142927908
0.009968613051259316
0.0046153955967263485
0.0038546924760534894
0.003760158882337147
0.0030108139952775967
0.0014722166571623976
0.0020380404246511537
0.0024290770426978556
0.002580902805480485
0.0014386489910780133
0.0009567708552478629
0.0008977309377083141
0.0003748269751917197
0.0003946924086154945
0.0006432840144544302
0.0008170420431812172
0.0011653603247968223
0.0008211295054639289
0.0004442498386152374
0.0002528734961339983
0.0002610352081605856
0.0002062309774104609
0.00016701174896730338
3.790371682666185e-05
4.1821945551526674e-07
4.1821945551526674e-07
4.1821945551526674e-07
4.1821945551526674e-07
4.1821945551526674e-07
4.1821945551526674e-07
4.1821945551526674e-07
4.1821945551526674e-07
4.1821945551526674e-07
4.1821945551526674e-07
4.1821945551526674e-07
4.1821945551526674e-07
4.1821945551526674e-07
4.1821945551526674e-07
4.1821945551526674e-07
4.1821945551526674e-07
4.1821945551526674e-07
4.1821945551526674e-07
4.1821945551526674e-07
4.1821945551526674e-07
4.1821945551526674e-07
4.1821945551526674e-07
4.1821945551526674e-07
4.1821945551526674e-07
2.529808216878381e-05
9.96400723984018e-05
0.0001297488399264648
0.0001731754152823745
9.96400723984018e-05
0.00027965788675017816
0.0001621830508161896
0.0001329032663872059
0.00012458945008389163
0.0001598022438133534
0.0003924456563210816
0.0004130301013945983
0.0005263180957454422
0.0009336819500010559
0.000663571115945747
0.0003902088689886811
0.0005979373486675574
0.0010642815810283405
0.002922543370001297
0.0029600870909300995
0.0032625123172703506
0.0029853544891412036
0.001274659386318895
0.0015698878756208125
0.0018895084707577679
0.0033881602320936896
0.0035034543972150773
0.0009661424158774787
0.0011271951863774507
0.000687909394369356
0.00043445202639833
0.0004799343621142991
0.0006499883264002561
0.0007771053425490303
0.0004060770801437846
0.000680880909922902
0.0009336819500010559
0.0005762722244460322
0.0006399534299313105
0.00032754228984960423
0.0004248258015285538
0.00040149286469402443
0.000501332553446879
0.0001609898722544984
5.1939255681021757e-05
1.6949692108200303e-05
1.4963624729961743e-05
4.1821945551526674e-07
2.4756803752592095e-05
2.209001896969392e-05
8.912336769799859e-05
7.521960187700902e-05
6.532672524703607e-05
8.997696714995678e-05
0.00018463723327818477
0.0002249870883307202
0.00035782552040111097
0.000680880909922902
0.0003857650264925249
0.0007313666888369
0.0009021591095687292
0.000656750541082985
0.000680880909922902
0.0007968621736310426
0.0011543434543623379
0.0009474773036815275
0.0011989599745777168
0.000792877225945585
0.0007693192390129263
0.001105876213862849
0.001292707629431915
0.0013671487120629345
0.001386333584095733
0.001680810427726234
0.002158505336723018
0.0025697847741390687
0.002418542702172075
0.002525737504588861
0.0013992538697137854
0.0010745514519462358
0.001079718382396084
0.0009803473280432622
0.0009336819500010559
0.0012627495225946493
0.0017427441082966187
0.002682907849535136
0.002776575758569682
0.0021871852132458844
0.002848726644358124
0.002255423560616552
0.0030108139952775967
0.004134175380177595
0.004377784795141642
0.006299215103217461
0.010118342154720855
0.007080514254129722
0.010118342154720855
0.010618850353611162
0.007947109576515806
0.00971131745255508
0.007053139316229207
0.003791437376662065
0.0042718531297889495
0.0017744586042466746
0.003023616194844175
0.002998060147629564
0.0034888536583252924
0.0024502681563288702
0.0026713994826009653
0.0013735177227402026
0.0014654487649789815
0.0015915424009185638
0.0030493663030975084
0.0032625123172703506
0.0018311858600213399
0.0010901166359383653
0.0007313666888369
0.0004542220473359817
3.730079673663818e-05
4.1821945551526674e-07
1.5456462989396356e-05
3.5509614705562055e-05
0.0001820486535206696
0.00013717896926209862
0.00010887426571354678
9.343237658118814e-05
7.210951080430608e-05
4.537292195379592e-05
1.7957554246278875e-05
1.0636248147226564e-05
2.5409593341837125e-06
4.1821945551526674e-07
4.1821945551526674e-07
4.1821945551526674e-07
4.1821945551526674e-07
4.1821945551526674e-07
4.1821945551526674e-07
4.1821945551526674e-07
4.1821945551526674e-07
4.1821945551526674e-07
4.1821945551526674e-07
4.1821945551526674e-07
4.1821945551526674e-07
4.1821945551526674e-07
4.1821945551526674e-07
4.1821945551526674e-07
4.1821945551526674e-07
4.1821945551526674e-07
4.1821945551526674e-07
4.1821945551526674e-07
4.1821945551526674e-07
4.1821945551526674e-07
1.1107585893406713e-05
5.126818191248138e-05
6.981586320836901e-05
5.8127525099462624e-05
3.3161891666773284e-05
4.1821945551526674e-07
4.537292195379592e-05
0.0002062309774104609
0.00028666357850053626
0.00022202810530335486
0.00013610249935865063
0.00012054859646342047
0.0002544909982708175
0.00042721642352334753
4.601528854671915e-05
2.0521199297108956e-05
1.3016494535658117e-05
2.0521199297108956e-05
1.3016494535658117e-05
7.600650273037106e-05
5.126818191248138e-05
6.606593459121625e-05
0.00011955024406565493
5.9539684819780406e-05
4.1821945551526674e-07
4.346447305630869e-05
9.083464954458178e-05
8.243940034545232e-05
4.1821945551526674e-07
3.085970681754776e-05
3.085970681754776e-05
3.790371682666185e-05
4.927438898930533e-05
8.827383307993124e-05
0.0002528734961339983
0.0003726684542666927
0.001256831009283534
0.0014858346772921081
0.0019756739685359934
0.002225950654857857
0.0020652981691893623
0.0013481962197057977
0.0014386489910780133
0.0010745514519462358
0.0007166326897645051
0.0006601535047763028
0.0008048828978411115
0.0009803473280432622
0.0005493662218883016
0.0003992159717088013
0.0002831448609834668
0.0003879820059015201
0.00048256827308419155
0.0012450663710943638
0.0007129883302216486
0.0003294984034547105
0.0001952345951331162
0.0002727781110895458
0.0010642815810283405
0.001665633348461932
0.0013048631504227427
0.0009245808409419406
0.0005493662218883016
0.0012987729931373108
0.0018394190568042593
0.002335718674598874
0.005125477038747509
0.004690789790075773
0.007135548580993752
0.005442138769660085
0.010156085100450843
0.006274552822020435
0.005507528682627394
0.004306906337175893
0.0031543336871801427
0.0028731454489136637
0.00025126335178731157
8.997696714995678e-05
4.1821945551526674e-07
4.1821945551526674e-07
4.1821945551526674e-07
4.1821945551526674e-07
4.1821945551526674e-07
4.1821945551526674e-07
4.1821945551526674e-07
4.1821945551526674e-07
4.1821945551526674e-07
4.1821945551526674e-07
4.1821945551526674e-07
4.1821945551526674e-07
4.1821945551526674e-07
4.1821945551526674e-07
4.1821945551526674e-07
4.1821945551526674e-07
4.1821945551526674e-07
4.1821945551526674e-07
4.1821945551526674e-07
4.1821945551526674e-07
4.1821945551526674e-07
4.1821945551526674e-07
4.1821945551526674e-07
0.0001598022438133534
0.00020483413783674347
0.0001586201415237477
0.00029741286861591893
0.00016338180356205767
0.00037051953720218495
0.001210345160578955
0.006323963880706841
0.009389188847657024
0.013035049475121997
0.008873375890370551
0.009318908238402939
0.008008107082104931
0.005618072811461967
0.0032900688943953544
0.0040501535367717945
0.0032488114157565753
0.0019321665013298404
0.0034888536583252924
0.006550639078015694
0.00761896314999682
0.004359968156507519
0.0013992538697137854
0.001111172985349564
0.0007313666888369
0.0014519947175024475
0.0022455610096277457
0.0024931440806811476
0.004884112706365011
0.001079718382396084
0.0002020597020269302
6.240527475761141e-05
5.534386022694787e-05
4.0345053192032316e-05
4.796123798652165e-05
6.948664563820461e-06
4.1821945551526674e-07
4.1821945551526674e-07
4.1821945551526674e-07
4.1821945551526674e-07
2.104156285420814e-05
0.0005611947065115004
0.0007771053425490303
0.0028609128320069323
0.002130159428541079
0.0017192872896510238
0.0014926850057415204
0.005187459008279755
0.00803876194796727
0.010618850353611162
0.010231946268576778
0.010697770952808825
0.015535452220317676
0.01702661477345925
0.02198063490126284
0.01788054318588964
0.019566606044130994
0.0203906866834103
0.015535452220317676
0.011264940791642497
0.010270065200613158
0.012299466594851465
0.008974473819920836
0.0074164837438903996
0.006525099850476593
0.004728898006598107
0.004237055067172595
0.004237055067172595
0.001906470712529226
0.0031945197208638754
0.0033739892827222193
0.0028609128320069323
0.0016061241963045575
0.0014858346772921081
0.0017985774832454263
0.001665633348461932
0.002056176595653847
0.002139571173391089
0.002216202584700787
0.0014722166571623976
0.0020380404246511537
0.0013927806258988212
0.00043445202639833
0.000441784146321633
0.0005291553633535824
0.00040838448570574925
0.0001769429578319006
0.00010887426571354678
0.00023402860621486534
0.00040149286469402443
0.0002660221573319983
0.00017442543432576272
0.00030106124730696775
0.00047210165104128615
0.0004959124833426329
0.0003028978309597897
0.0002610352081605856
0.0004130301013945983
0.00040149286469402443
0.00039694916673886784
0.00029741286861591893
0.00019121455620946083
0.00014043886450120028
0.00024806501272491634
0.000441784146321633
0.000942859596226299
0.001043995560956266
0.000663571115945747
0.0003454674415668823
0.00029741286861591893
0.0002727781110895458
0.0008715491555106396
0.000792877225945585
0.0006843876243851368
0.0007615990090987066
0.0006333351213711274
0.00042721642352334753
0.00036201912199936194
0.0005582182793898238
0.0006739124121509291
0.0003924456563210816
0.0002956010048399243
0.001079718382396084
0.001009295867875269
0.0007577634374066777
0.0002992329380035534
0.00020904403731025734
7.679718850208893e-05
6.168367960567218e-05
4.1821945551526674e-07
4.1821945551526674e-07
4.1821945551526674e-07
4.1821945551526674e-07
4.1821945551526674e-07
4.1821945551526674e-07
2.0521199297108956e-05
4.1821945551526674e-07
4.1821945551526674e-07
4.1821945551526674e-07
4.1821945551526674e-07
4.1821945551526674e-07
4.1821945551526674e-07
4.1821945551526674e-07
0.0002779262205489508
0.00038355789034384675
0.00040838448570574925
0.0002309871053579922
6.385895442358655e-05
0.00018856534715428416
0.00029021430607381046
0.00035160500637010464
0.000742583296686175
0.0008544582991248565
0.0005320050305573733
0.0004296176395219437
0.0005291553633535824
0.00020904403731025734
8.997696714995678e-05
0.00013184684137160913
0.00021474845638305248
0.00029741286861591893
0.0001459749809415802
0.0002762023910397479
0.0003992159717088013
0.00032559494650050407
6.830505072691506e-05
3.85095889862212e-05
3.2582108786105586e-05
4.1821945551526674e-07
4.1821945551526674e-07
4.1821945551526674e-07
5.15917927094416e-06
4.1821945551526674e-07
4.1821945551526674e-07
2.421818204057534e-05
0.00011462861460091798
0.00025126335178731157
0.00038355789034384675
0.0003028978309597897
0.0002062309774104609
2.3148859973065797e-05
9.236195326068331e-06
4.1821945551526674e-07
2.3682204830817788e-05
9.874054821997341e-05
0.00011269231009596723
7.521960187700902e-05
6.168367960567218e-05
0.0002249870883307202
0.00026435227366281293
0.0003924456563210816
0.0006106152079360141
0.00045674268208358595
0.0005523040883263442
0.000573230496605312
0.0007968621736310426
0.0006300472849622466
0.0004986165862316802
0.0005178801959965072
0.00019388838349799424
0.0004320294927018021
0.0003536692437214269
0.00027965788675017816
0.0004517124903135617
4.993576321616549e-05
2.209001896969392e-05
3.2582108786105586e-05
4.1821945551526674e-07
4.1821945551526674e-07
4.1821945551526674e-07
4.1821945551526674e-07
4.1821945551526674e-07
4.1821945551526674e-07
4.1821945551526674e-07
4.1821945551526674e-07
4.1821945551526674e-07
4.1821945551526674e-07
4.1821945551526674e-07
4.1821945551526674e-07
4.1821945551526674e-07
4.1821945551526674e-07
4.1821945551526674e-07
6.532672524703607e-05
8.574943824308297e-05
4.1821945551526674e-07
4.1821945551526674e-07
4.1821945551526674e-07
4.1821945551526674e-07
4.1821945551526674e-07
4.1821945551526674e-07
4.1821945551526674e-07
9.700563668069177e-06
7.999812108526679e-05
3.0291178746524636e-05
7.600650273037106e-05
3.790371682666185e-05
4.537292195379592e-05
4.1821945551526674e-07
4.1821945551526674e-07
4.1821945551526674e-07
4.1821945551526674e-07
4.1821945551526674e-07
4.1821945551526674e-07
4.1821945551526674e-07
4.1821945551526674e-07
4.1821945551526674e-07
4.1821945551526674e-07
4.1821945551526674e-07
4.1821945551526674e-07
4.1821945551526674e-07
4.1821945551526674e-07
4.1821945551526674e-07
4.1821945551526674e-07
4.1821945551526674e-07
9.784529217673233e-05
5.126818191248138e-05
4.1821945551526674e-07
0.0002062309774104609
0.00019254837936965512
0.00019254837936965512
0.00039694916673886784
0.0011271951863774507
0.0014254107963574383
0.0012509366552643428
0.0031277941456224197
0.009145248970350673
0.008806541449961727
0.008069521298525523
0.00395134340634344
0.0024716234564721475
0.0017905059144489725
0.0013048631504227427
0.0022752640787403727
0.0018895084707577679
0.002682907849535136
0.0013481962197057977
0.0011164916829414606
0.0008129718320947321
0.0006843876243851368
0.0007849578326866455
0.0006914462789859401
0.0006704505116466833
0.0006773891920780051
0.00041536839553868796
0.0003536692437214269
0.0002727781110895458
0.0001516422465441735
0.00011365817210826585
4.537292195379592e-05
4.1821945551526674e-07
4.1821945551526674e-07
4.1821945551526674e-07
4.1821945551526674e-07
4.1821945551526674e-07
4.1821945551526674e-07
4.1821945551526674e-07
4.1821945551526674e-07
4.1821945551526674e-07
4.1821945551526674e-07
4.1821945551526674e-07
4.1821945551526674e-07
1.1581268460831754e-05
1.7957554246278875e-05
4.1821945551526674e-07
4.1821945551526674e-07
4.1821945551526674e-07
4.1821945551526674e-07
4.1821945551526674e-07
4.1821945551526674e-07
4.1821945551526674e-07
4.1821945551526674e-07
4.1821945551526674e-07
4.1821945551526674e-07
4.1821945551526674e-07
4.1821945551526674e-07
4.1821945551526674e-07
3.670081527016355e-05
8.162174125383187e-05
4.1821945551526674e-07
4.1821945551526674e-07
4.1821945551526674e-07
4.1821945551526674e-07
4.1821945551526674e-07
4.1821945551526674e-07
4.1821945551526674e-07
4.1821945551526674e-07
4.1821945551526674e-07
4.1821945551526674e-07
4.1821945551526674e-07
6.0494664229690885e-06
0.0001516422465441735
0.00031220607875965677
0.00037699513950966535
0.0006366371509984116
0.0012987729931373108
0.0017270751151405644
0.0034598150478597866
0.004671838789136497
0.0038387909604015277
0.0033881602320936896
0.0029853544891412036
0.002729384005579416
0.0033039249150157097
0.002848726644358124
0.002305315415151376
0.004000475928227118
0.004844888211290228
0.0062010823205501005
0.005799069782198611
0.0037446062340122706
0.0017744586042466746
0.0021775879297759155
0.0014188317780883927
0.000570201933059511
0.0002370980828777443
0.00035574273565322127
0.0005150920331559348
0.0003662503572543451
0.0001621830508161896
0.00010145200098041932
7.057673880861431e-05
9.083464954458178e-05
7.759167615548442e-05
6.755508121727497e-05
0.0001598022438133534
0.00039694916673886784
0.0005854769191362672
0.0013735177227402026
0.0017427441082966187
0.0009661424158774787
0.0007889091340046143
0.0006106152079360141
0.0005523040883263442
0.0006138190518854449
0.0009474773036815275
0.000694998337551608
0.000646628961050359
0.00047731198571059345
0.00030659595969815087
8.326098202658756e-05
0.00014263775514800113
0.00021909616434388082
0.0004986165862316802
0.0015414180203839048
0.0022653245389246185
0.0015627274584292538
0.0012987729931373108
0.0004932201971600888
0.0004695136004138804
0.0003394118050657009
0.0009755925812878291
0.0007771053425490303
0.0003028978309597897
0.0002831448609834668
0.0005916801702416853
0.0010490355495979438
0.0015915424009185638
0.0027176982604409645
0.001734894017442299
0.0016061241963045575
0.0013544880551919598
0.001216072887755613
0.0008758670369851418
0.0005916801702416853
0.00021909616434388082
0.00025126335178731157
0.00010982200617147932
0.00011756762735174486
0.00018988688758190964
0.00022202810530335486
0.0003217264255398145
0.00029741286861591893
0.00018594054607975617
7.679718850208893e-05
0.00012054859646342047
0.00039694916673886784
0.0004130301013945983
0.0004368852841053776
0.0007057461532181393
0.0006739124121509291
0.0010745514519462358
0.0011709028614675493
0.0014858346772921081
0.0014654487649789815
0.0016356406669186584
0.0019150021990455679
0.0018229852200691528
0.001043995560956266
0.000663571115945747
0.0005885718304898898
0.0004542220473359817
0.0004643715029189002
0.00047470109744106635
0.0004799343621142991
0.0005916801702416853
0.00046181736468723316
0.0010240436120892652
0.0009021591095687292
0.0008418279273899678
0.000680880909922902
0.0007732040245997502
0.000656750541082985
0.0006601535047763028
0.0002610352081605856
0.0002561158892805798
0.00047731198571059345
0.0005948019917762669
0.0009291218647837759
0.00045927443949872877
0.00029741286861591893
0.0002309871053579922
0.00029741286861591893
0.00037699513950966535
0.0003857650264925249
0.00037699513950966535
0.00042721642352334753
0.0004695136004138804
0.0007129883302216486
0.0007166326897645051
0.0003047427235255585
0.00012255949279482532
4.1821945551526674e-07
4.1821945551526674e-07
4.1821945551526674e-07
4.1821945551526674e-07
4.1821945551526674e-07
4.1821945551526674e-07
4.1821945551526674e-07
4.1821945551526674e-07
4.1821945551526674e-07
4.1821945551526674e-07
4.1821945551526674e-07
4.1821945551526674e-07
4.1821945551526674e-07
4.1821945551526674e-07
4.1821945551526674e-07
4.1821945551526674e-07
4.1821945551526674e-07
4.1821945551526674e-07
3.840275724441357e-06
4.796123798652165e-05
0.00014374495584751581
3.840275724441357e-06
2.5409593341837125e-06
4.1821945551526674e-07
4.1821945551526674e-07
3.4330008688587323e-05
1.3016494535658117e-05
1.016724434801614e-05
4.1821945551526674e-07
4.1821945551526674e-07
4.1821945551526674e-07
6.0494664229690885e-06
2.112159305155292e-06
2.6388658180851257e-05
1.6854952576662474e-06
9.236195326068331e-06
4.1821945551526674e-07
4.1821945551526674e-07
2.104156285420814e-05
4.601528854671915e-05
3.730079673663818e-05
4.1821945551526674e-07
4.1821945551526674e-07
3.0291178746524636e-05
0.00011173100844669806
0.00016579612833594138
0.00023402860621486534
0.0002370980828777443
0.0002610352081605856
0.00013610249935865063
6.981586320836901e-05
0.00011955024406565493
5.126818191248138e-05
4.1821945551526674e-07
3.973024358103057e-05
0.0007276595825308322
0.0007129883302216486
0.00010699220717677692
4.717351414020623e-06
4.1821945551526674e-07
4.1821945551526674e-07
4.1821945551526674e-07
4.1821945551526674e-07
4.1821945551526674e-07
4.1821945551526674e-07
4.1821945551526674e-07
4.1821945551526674e-07
4.1821945551526674e-07
5.8127525099462624e-05
5.465632490595088e-05
0.00010512791409933538
0.0002779262205489508
0.0005435286923250356
0.0015555957460850081
0.0025476764600078036
0.002935010507847686
0.0035624044533169585
0.004254422308164316
0.002216202584700787
0.002482363031708758
0.0004932201971600888
9.236195326068331e-06
0.0002309871053579922
0.0008629677320329522
0.003474307268425031
0.004522676644328647
0.017818324439328227
0.019298472913786672
0.014009056028675684
0.01221015252713208
0.013177221757724856
0.017146366241970037
0.01054044687103602
0.012662533035881334
0.021028527314593717
0.03290990887339675
0.06109455188426065
0.044676567891540106
0.034422803865495066
0.027417460114405132
0.06055831476095033
0.11302872050465382
0.0896772848003365
0.1127315022082311
0.5666701122150924
0.5663958489705097
0.5313318556728038
0.6149298403942045
0.5429746194145543
0.5515871933805595
0.6424850532840007
0.24072836307072484
0.199370687628514
0.0362247518875326
0.0007129883302216486
0.00041536839553868796
0.00037051953720218495
0.000942859596226299
0.0016961091618540182
0.004709809456243058
0.009566956223823407
0.00605644129775122
0.0036071965376023056
0.0046153955967263485
0.005985256754639018
0.0017038044238819384
0.00034750414317488595
0.0008418279273899678
0.0028365867287181838
0.0002727781110895458
0.00018856534715428416
0.00015279169001597523
3.374452061566211e-05
6.606593459121625e-05
4.927438898930533e-05
4.1821945551526674e-07
4.1821945551526674e-07
4.1821945551526674e-07
4.1821945551526674e-07
0.000792877225945585
0.0006333351213711274
0.0005464411068189754
1.6949692108200303e-05
4.1821945551526674e-07
4.1821945551526674e-07
4.1821945551526674e-07
4.1821945551526674e-07
4.1821945551526674e-07
4.1821945551526674e-07
4.1821945551526674e-07
4.1821945551526674e-07
4.1821945551526674e-07
4.1821945551526674e-07
4.1821945551526674e-07
4.1821945551526674e-07
4.1821945551526674e-07
4.1821945551526674e-07
4.1821945551526674e-07
4.1821945551526674e-07
4.1821945551526674e-07
4.1821945551526674e-07
4.1821945551526674e-07
4.1821945551526674e-07
4.1821945551526674e-07
4.1821945551526674e-07
4.1821945551526674e-07
4.1821945551526674e-07
0.0002610352081605856
0.0039676606763426716
0.004709809456243058
0.0042197512019429475
0.000989916526372145
0.0002937973125004936
0.00024647675643422865
0.000656750541082985
0.0010141913458926821
0.0010339781423582028
0.0028244929282907755
0.0037757692001037734
0.0036373366435647186
0.00699867247156005
0.0036829685662954485
0.0032488114157565753
0.004083577404007167
0.003791437376662065
0.0025476764600078036
0.0032351618764110716
0.002776575758569682
0.002206492409109143
0.0013109781930799678
0.002206492409109143
0.0017038044238819384
0.0013735177227402026
0.0016208233344233265
0.0018066811471191301
0.001009295867875269
0.0017744586042466746
0.0011764682459082204
0.001079718382396084
0.000781023257093373
0.00019121455620946083
0.0001769429578319006
0.0002831448609834668
0.0005916801702416853
0.0004878708852915705
0.0002937973125004936
0.0003047427235255585
0.00026268996787294355
0.0002544909982708175
0.0002779262205489508
0.00045674268208358595
0.0004986165862316802
0.00019658704091714873
0.0001459749809415802
0.00011658332190212555
9.606750913543733e-05
7.999812108526679e-05
0.00011955024406565493
0.0003217264255398145
0.000687909394369356
0.0018643151532579132
0.0022653245389246185
0.001665633348461932
0.0013048631504227427
0.0010694058782455772
0.002910123454483429
0.002139571173391089
0.0028854246527810767
0.0018559835865508225
0.0018311858600213399
0.00123922006762104
0.00041070214547882347
1.897542464599091e-05
4.1821945551526674e-07
4.1821945551526674e-07
4.1821945551526674e-07
4.1821945551526674e-07
4.1821945551526674e-07
4.1821945551526674e-07
4.1821945551526674e-07
4.1821945551526674e-07
4.1821945551526674e-07
4.1821945551526674e-07
4.1821945551526674e-07
4.1821945551526674e-07
4.1821945551526674e-07
4.1821945551526674e-07
4.1821945551526674e-07
4.1821945551526674e-07
4.1821945551526674e-07
4.1821945551526674e-07
4.1821945551526674e-07
4.1821945551526674e-07
4.1821945551526674e-07
2.5842029542925826e-05
7.838998272353152e-05
0.00011365817210826585
4.1821945551526674e-07
4.1821945551526674e-07
4.1821945551526674e-07
4.1821945551526674e-07
4.1821945551526674e-07
4.1821945551526674e-07
4.1821945551526674e-07
6.948664563820461e-06
4.1821945551526674e-07
4.1821945551526674e-07
4.1821945551526674e-07
4.1821945551526674e-07
4.1821945551526674e-07
4.1821945551526674e-07
2.5842029542925826e-05
4.283449344976104e-05
7.401631324762366e-06
9.256233596632511e-05
9.236195326068331e-06
4.1821945551526674e-07
4.1821945551526674e-07
2.1564498780108763e-05
4.861621874534112e-05
4.1821945551526674e-07
4.1821945551526674e-07
4.1821945551526674e-07
1.5456462989396356e-05
4.1821945551526674e-07
4.1821945551526674e-07
4.1821945551526674e-07
4.1821945551526674e-07
2.0003396264418724e-05
9.700563668069177e-06
4.1821945551526674e-07
4.1821945551526674e-07
4.1821945551526674e-07
6.981586320836901e-05
2.9719053644181457e-06
6.830505072691506e-05
0.0002577482003649342
0.00021909616434388082
0.00018594054607975617
0.0003902088689886811
0.0003374112910335575
0.000646628961050359
0.0005671864815479923
0.0006773891920780051
0.0002744863654395842
0.00031980517575135476
0.001513402474356145
0.0008802031245002676
0.0008715491555106396
0.0016356406669186584
0.001043995560956266
0.0009200588058659779
0.000985121951206015
0.0018979728428437986
0.0004878708852915705
0.00021764026301633705
0.00018594054607975617
4.0345053192032316e-05
4.1821945551526674e-07
4.1821945551526674e-07
4.1821945551526674e-07
4.1821945551526674e-07
4.1821945551526674e-07
4.1821945551526674e-07
4.1821945551526674e-07
4.1821945551526674e-07
4.1821945551526674e-07
4.1821945551526674e-07
4.1821945551526674e-07
4.1821945551526674e-07
4.1821945551526674e-07
4.1821945551526674e-07
4.1821945551526674e-07
4.1821945551526674e-07
4.1821945551526674e-07
4.1821945551526674e-07
4.1821945551526674e-07
4.1821945551526674e-07
4.1821945551526674e-07
4.1821945551526674e-07
1.2535711790445848e-05
7.600650273037106e-05
5.9539684819780406e-05
0.0008460203056030955
0.0008129718320947321
0.0005582182793898238
0.0006704505116466833
0.0013735177227402026
0.0019235674219907199
0.004690789790075773
0.002482363031708758
0.0009947311293911074
0.00033541973076333656
0.00029741286861591893
0.00022202810530335486
0.0004878708852915705
0.0007968621736310426
0.00042721642352334753
0.00016701174896730338
0.00010236444348611713
7.521960187700902e-05
4.1821945551526674e-07
4.1821945551526674e-07
4.1821945551526674e-07
2.9162454700535683e-05
4.537292195379592e-05
4.1821945551526674e-07
4.1821945551526674e-07
4.1821945551526674e-07
4.1821945551526674e-07
4.1821945551526674e-07
4.1821945551526674e-07
4.1821945551526674e-07
4.1821945551526674e-07
4.1821945551526674e-07
4.1821945551526674e-07
4.1821945551526674e-07
4.1821945551526674e-07
4.1821945551526674e-07
4.1821945551526674e-07
4.1821945551526674e-07
4.1821945551526674e-07
4.1821945551526674e-07
4.1821945551526674e-07
4.1821945551526674e-07
4.1821945551526674e-07
4.1821945551526674e-07
4.1821945551526674e-07
4.1821945551526674e-07
4.1821945551526674e-07
4.1821945551526674e-07
4.1821945551526674e-07
4.1821945551526674e-07
4.1821945551526674e-07
4.1821945551526674e-07
4.1821945551526674e-07
4.1821945551526674e-07
4.1821945551526674e-07
4.1821945551526674e-07
4.1821945551526674e-07
4.1821945551526674e-07
4.1821945551526674e-07
5.603214164861691e-06
4.1821945551526674e-07
4.1821945551526674e-07
4.1821945551526674e-07
4.1821945551526674e-07
0.0002104603129225877
0.00047210165104128615
0.0006106152079360141
0.000781023257093373
0.00028139742255089696
0.0003314633237433007
0.0007849578326866455
0.0011271951863774507
0.001680810427726234
0.0011379873867694828
0.0010591784802942783
0.0002920017575511931
0.000504060432779641
0.00028490023520555223
0.0004248258015285538
0.0002020597020269302
0.00032754228984960423
0.0005123160239849931
0.0016134590444200152
0.0014654487649789815
0.001432016501392575
0.0015555957460850081
0.001268692284931326
0.0016134590444200152
0.0020744555692377925
0.023360991166509474
0.02506639203283998
0.019099491802948912
0.009459940296598565
0.002102143993834012
0.0011543434543623379
0.0005320050305573733
0.00044921396623693265
0.0005234931781946105
0.0009110714127946506
0.0016505770507984992
0.0014790119279027001
0.0018895084707577679
0.0010290005552960541
0.00047210165104128615
0.000520680561339854
0.0005979373486675574
0.0008334960676498367
0.001734894017442299
0.005961695148107732
0.008674214876091497
0.010423804897532682
0.005313435785604869
0.0030108139952775967
0.0016208233344233265
0.000573230496605312
0.0007202926443020933
0.0015627274584292538
0.002460925212146792
0.0017270751151405644
0.002752889821388912
0.004559562564015016
0.0019669037948331796
0.0013481962197057977
0.0005854769191362672
0.002408048984726452
0.0014519947175024475
0.0028609128320069323
0.00035991763634296624
7.443646904807915e-05
4.277720311343643e-06
4.1821945551526674e-07
4.1821945551526674e-07
4.1821945551526674e-07
4.1821945551526674e-07
4.1821945551526674e-07
4.1821945551526674e-07
5.672895762444332e-05
4.1821945551526674e-07
4.1821945551526674e-07
4.1821945551526674e-07
4.1821945551526674e-07
4.1821945551526674e-07
4.1821945551526674e-07
4.1821945551526674e-07
4.1821945551526674e-07
4.1821945551526674e-07
8.774128586905785e-06
8.385352447237871e-07
8.314352761504461e-06
4.1821945551526674e-07
0.00036201912199936194
0.0016061241963045575
0.0013294735556615524
0.0008293564506535819
0.0006366371509984116
0.0019321665013298404
0.002376810169798905
0.0022357367521706885
0.0021680280144728147
0.002935010507847686
0.002525737504588861
0.0014995630139813336
0.0014453083636109644
0.0011933023417513887
0.0019933181903444203
0.0015555957460850081
0.0015343718000682802
0.001274659386318895
0.002130159428541079
0.001984478726186092
0.0019581680828902135
0.0010191072348358014
0.001054096496307939
0.001881077477405105
0.0019150021990455679
0.0010389764514375124
0.0008715491555106396
0.0004517124903135617
9.784529217673233e-05
1.846523262218758e-05
5.1939255681021757e-05
6.313036111282722e-05
0.00015744354151097024
0.00011269231009596723
6.02509002271068e-05
3.374452061566211e-05
3.200515897274475e-05
4.1821945551526674e-07
4.1821945551526674e-07
0.0005377417627940676
0.00032559494650050407
0.00010328123033177369
7.057673880861431e-05
4.1821945551526674e-07
4.1821945551526674e-07
4.1821945551526674e-07
4.1821945551526674e-07
4.1821945551526674e-07
4.1821945551526674e-07
4.1821945551526674e-07
4.1821945551526674e-07
4.1821945551526674e-07
4.1821945551526674e-07
4.1821945551526674e-07
4.1821945551526674e-07
4.1821945551526674e-07
0.0005068002721936703
0.0030108139952775967
0.00353281964308739
0.0074164837438903996
0.012033245279124131
0.006627792874132964
0.0026944603340796295
0.0019581680828902135
0.0018229852200691528
0.0022455610096277457
0.0015627274584292538
0.0006670034322742025
0.00036413001603403515
0.0003924456563210816
0.00035782552040111097
0.0001235720783596293
3.730079673663818e-05
0.00023402860621486534
0.0002544909982708175
0.0005123160239849931
0.00019794574759606317
8.314352761504461e-06
4.1821945551526674e-07
4.1821945551526674e-07
4.1821945551526674e-07
4.1821945551526674e-07
4.1821945551526674e-07
4.1821945551526674e-07
4.1821945551526674e-07
0.00019931074202002955
0.00017821051264611893
8.997696714995678e-05
6.02509002271068e-05
6.830505072691506e-05
0.00019388838349799424
5.397211174822401e-05
0.00011077424712389733
0.00012561162899256146
0.00028490023520555223
0.00029021430607381046
0.00042721642352334753
0.0004368852841053776
0.001216072887755613
0.001105876213862849
0.0004224457305175551
0.0004442498386152374
0.000573230496605312
0.0007276595825308322
0.000694998337551608
0.0008889301977246149
0.0003536692437214269
0.0005234931781946105
0.0003902088689886811
0.0005464411068189754
0.0006170367566425887
0.0005178801959965072
0.000570201933059511
0.0008758670369851418
0.0013171182131978692
0.0008129718320947321
0.0008376532040222524
0.0007654509217765763
0.0006399534299313105
0.0001493594193483699
7.521960187700902e-05
7.443646904807915e-05
0.00013184684137160913
0.0003294984034547105
0.00046693689962801937
0.00041536839553868796
0.0008544582991248565
0.0006704505116466833
0.0001872499086963001
7.838998272353152e-05
0.00012255949279482532
8.912336769799859e-05
4.1821945551526674e-07
4.1821945551526674e-07
4.1821945551526674e-07
4.1821945551526674e-07
4.1821945551526674e-07
4.1821945551526674e-07
4.1821945551526674e-07
4.1821945551526674e-07
4.1821945551526674e-07
4.1821945551526674e-07
4.1821945551526674e-07
4.1821945551526674e-07
4.1821945551526674e-07
4.1821945551526674e-07
4.1821945551526674e-07
4.1821945551526674e-07
4.1821945551526674e-07
4.1821945551526674e-07
4.1821945551526674e-07
4.1821945551526674e-07
4.1821945551526674e-07
4.1821945551526674e-07
4.1821945551526674e-07
4.1821945551526674e-07
4.1821945551526674e-07
4.1821945551526674e-07
4.1821945551526674e-07
4.1821945551526674e-07
4.1821945551526674e-07
1.3016494535658117e-05
6.680871455440406e-05
0.00013610249935865063
0.00011365817210826585
9.695428540951934e-05
0.00014153573219890015
0.00014485735688594262
3.61037590376232e-05
6.606593459121625e-05
4.927438898930533e-05
0.00024647675643422865
0.00011658332190212555
6.905863929706567e-05
0.00013610249935865063
0.0006074251700725178
0.000792877225945585
0.0014995630139813336
0.0005178801959965072
0.00015049816406288805
3.2582108786105586e-05
1.9488141962042586e-05
8.314352761504461e-06
4.1821945551526674e-07
4.1821945551526674e-07
4.1821945551526674e-07
4.1821945551526674e-07
4.1821945551526674e-07
4.1821945551526674e-07
4.1821945551526674e-07
4.1821945551526674e-07
4.1821945551526674e-07
4.1821945551526674e-07
4.1821945551526674e-07
4.1821945551526674e-07
4.1821945551526674e-07
0.00011077424712389733
0.000680880909922902
0.0004130301013945983
0.0010642815810283405
0.0011434169565823187
0.0008802031245002676
0.0002920017575511931
0.0006366371509984116
0.0017824663261809626
0.0016732067359430047
0.0008129718320947321
0.00017821051264611893
4.473367325742414e-05
4.1821945551526674e-07
4.346447305630869e-05
0.00012663863619487018
0.0001756812734667991
0.00037051953720218495
0.0009567708552478629
0.001680810427726234
0.002897750601766622
0.0031676786338159586
0.0033458059853846097
0.00274111447497336
0.0028124450867312942
0.0003434398430102302
0.0006773891920780051
0.0007350896353687716
0.000570201933059511
0.0001756812734667991
0.00011756762735174486
9.083464954458178e-05
0.00019794574759606317
0.0004248258015285538
0.00031220607875965677
0.00029021430607381046
0.0004368852841053776
0.0005493662218883016
0.0005291553633535824
0.0003536692437214269
0.00016458615465068615
4.1821945551526674e-07
4.1821945551526674e-07
4.096286922450232e-05
4.717351414020623e-06
1.398523749888997e-05
2.9162454700535683e-05
0.00037051953720218495
0.0002264767926584861
7.838998272353152e-05
2.104156285420814e-05
0.00010793100595410505
9.695428540951934e-05
0.00012663863619487018
2.9162454700535683e-05
7.759167615548442e-05
0.00010054388364771395
3.730079673663818e-05
0.00011365817210826585
0.00022055876891740044
0.0002279733441721462
4.473367325742414e-05
8.912336769799859e-05
0.0002779262205489508
0.0005123160239849931
0.0011933023417513887
0.0015698878756208125
0.002158505336723018
0.0016732067359430047
0.0009336819500010559
0.0006267735858813675
0.0005234931781946105
0.00033541973076333656
0.00028843492427793436
0.00019388838349799424
0.00018856534715428416
0.00027107759545438143
0.00044921396623693265
0.00033343708727926277
0.0003294984034547105
0.0003454674415668823
0.0003217264255398145
0.0004368852841053776
0.0008334960676498367
0.0008376532040222524
0.000646628961050359
0.0006366371509984116
0.0003662503572543451
0.0005068002721936703
0.00041070214547882347
0.0005885718304898898
0.0008008640424062941
0.001079718382396084
0.0018066811471191301
0.0010339781423582028
0.0004517124903135617
0.00013826050530950476
4.1821945551526674e-07
4.1821945551526674e-07
4.1821945551526674e-07
4.1821945551526674e-07
4.1821945551526674e-07
4.1821945551526674e-07
4.1821945551526674e-07
4.1821945551526674e-07
4.1821945551526674e-07
4.1821945551526674e-07
4.1821945551526674e-07
4.1821945551526674e-07
4.1821945551526674e-07
4.1821945551526674e-07
4.1821945551526674e-07
4.1821945551526674e-07
4.1821945551526674e-07
4.1821945551526674e-07
4.1821945551526674e-07
4.1821945551526674e-07
4.1821945551526674e-07
4.1821945551526674e-07
4.1821945551526674e-07
4.1821945551526674e-07
4.1821945551526674e-07
4.1821945551526674e-07
4.1821945551526674e-07
4.1821945551526674e-07
4.1821945551526674e-07
4.1821945551526674e-07
4.1821945551526674e-07
4.1821945551526674e-07
4.1821945551526674e-07
4.1821945551526674e-07
4.1821945551526674e-07
4.1821945551526674e-07
4.1821945551526674e-07
4.1821945551526674e-07
4.1821945551526674e-07
4.1821945551526674e-07
4.1821945551526674e-07
4.1821945551526674e-07
4.1821945551526674e-07
4.1821945551526674e-07
4.1821945551526674e-07
4.1821945551526674e-07
4.1821945551526674e-07
3.2582108786105586e-05
7.999812108526679e-05
4.537292195379592e-05
6.0494664229690885e-06
4.1821945551526674e-07
3.0291178746524636e-05
0.0001307953730917737
0.0001297488399264648
0.00022202810530335486
0.00044921396623693265
0.0023154105509331363
0.0023255449252111257
0.0031277941456224197
0.0028731454489136637
0.002376810169798905
0.0009567708552478629
0.000985121951206015
0.00027107759545438143
0.00023555983274114556
6.755508121727497e-05
8.314352761504461e-06
4.1821945551526674e-07
4.1821945551526674e-07
4.1821945551526674e-07
4.1821945551526674e-07
4.1821945551526674e-07
4.1821945551526674e-07
4.1821945551526674e-07
4.1821945551526674e-07
4.1821945551526674e-07
4.1821945551526674e-07
4.1821945551526674e-07
4.1821945551526674e-07
4.1821945551526674e-07
4.1821945551526674e-07
4.1821945551526674e-07
4.1821945551526674e-07
4.1821945551526674e-07
4.1821945551526674e-07
4.1821945551526674e-07
4.1821945551526674e-07
4.1821945551526674e-07
0.00019254837936965512
0.0002076342680384362
0.0001952345951331162
0.00021764026301633705
0.0004368852841053776
0.00019931074202002955
8.912336769799859e-05
2.8044755520704956e-05
7.856857206639839e-06
4.1821945551526674e-07
2.2618135368530962e-05
0.00014153573219890015
7.134128251298491e-05
8.385352447237871e-07
4.1821945551526674e-07
4.1821945551526674e-07
4.1821945551526674e-07
4.1821945551526674e-07
3.374452061566211e-05
0.00015510675328657192
7.443646904807915e-05
4.1821945551526674e-07
4.1821945551526674e-07
4.1821945551526674e-07
4.1821945551526674e-07
0.00013184684137160913
0.000169460028946329
0.0005150920331559348
0.0007968621736310426
0.0004799343621142991
0.00047470109744106635
0.00037051953720218495
0.005662842484725026
0.00575333898464071
0.0032762647527293776
0.002216202584700787
0.0011434169565823187
0.000781023257093373
0.000501332553446879
0.0010591784802942783
0.0019150021990455679
0.002111445967228366
0.002776575758569682
0.002922543370001297
0.0025366858851971295
0.0012046408852339557
0.0011006012863365347
0.0011434169565823187
0.0011218323890546786
0.0009245808409419406
0.002335718674598874
0.002776575758569682
0.0040169743030444285
0.004786579161053152
0.004185332782034755
0.0026258041863053165
0.0011379873867694828
0.00035991763634296624
0.00028843492427793436
0.0003394118050657009
0.0001872499086963001
8.491598333998565e-05
4.409752831835428e-05
