0.5345782569718135
0.5147032897915753
0.516108115815832
0.038469243337926846
0.018836982735661235
0.008641410991126185
0.005618072811461967
0.0006042488837659213
0.0005464411068189754
0.001286666967811144
0.0012450663710943638
0.0007577634374066777
0.0005123160239849931
0.0005348671470728068
0.00024175527353689227
3.973024358103057e-05
4.1821945551526674e-07
4.1821945551526674e-07
4.1821945551526674e-07
4.1821945551526674e-07
4.1821945551526674e-07
4.1821945551526674e-07
4.1821945551526674e-07
4.1821945551526674e-07
4.1821945551526674e-07
4.1821945551526674e-07
4.1821945551526674e-07
4.1821945551526674e-07
4.1821945551526674e-07
4.1821945551526674e-07
4.1821945551526674e-07
4.1821945551526674e-07
4.1821945551526674e-07
4.1821945551526674e-07
4.1821945551526674e-07
4.1821945551526674e-07
4.1821945551526674e-07
4.1821945551526674e-07
4.1821945551526674e-07
4.1821945551526674e-07
0.00039694916673886784
0.0010191072348358014
0.001432016501392575
0.0014790119279027001
0.003331793286544015
0.0023871828582324056
0.0010901166359383653
0.0009708576355963556
0.0009803473280432622
0.0018394190568042593
0.0013356890636777683
0.0013419299204970976
0.0005493662218883016
0.0015273538706807768
0.0011218323890546786
0.0034023842833373064
0.0008252342856446661
0.00411724749795121
0.0022357367521706885
0.0020111017303024595
0.005003494549262657
0.004134175380177595
0.004486057606784239
0.0012806509170751551
0.001221824154191636
0.00031220607875965677
0.0002309871053579922
4.1821945551526674e-07
4.1821945551526674e-07
4.1821945551526674e-07
4.1821945551526674e-07
4.1821945551526674e-07
3.405007458945186e-06
4.1821945551526674e-07
1.1581268460831754e-05
0.00019931074202002955
0.00013826050530950476
0.00021764026301633705
0.00041070214547882347
0.00011855659456442669
9.430657331474499e-05
4.1821945551526674e-07
0.00015510675328657192
0.0005948019917762669
0.0010339781423582028
0.00010420238076200091
1.6949692108200303e-05
4.1821945551526674e-07
4.1821945551526674e-07
4.1821945551526674e-07
4.1821945551526674e-07
4.1821945551526674e-07
4.1821945551526674e-07
4.1821945551526674e-07
4.1821945551526674e-07
4.1821945551526674e-07
4.1821945551526674e-07
4.1821945551526674e-07
4.1821945551526674e-07
4.1821945551526674e-07
4.1821945551526674e-07
4.1821945551526674e-07
4.1821945551526674e-07
4.1821945551526674e-07
4.1821945551526674e-07
4.1821945551526674e-07
4.1821945551526674e-07
4.1821945551526674e-07
4.1821945551526674e-07
4.1821945551526674e-07
4.1821945551526674e-07
4.1821945551526674e-07
4.1821945551526674e-07
4.1821945551526674e-07
4.1821945551526674e-07
4.1821945551526674e-07
4.1821945551526674e-07
4.1821945551526674e-07
4.1821945551526674e-07
4.1821945551526674e-07
4.1821945551526674e-07
4.1821945551526674e-07
4.1821945551526674e-07
4.1821945551526674e-07
0.00013184684137160913
0.0003394118050657009
0.00013610249935865063
0.00017193119130851287
4.1821945551526674e-07
4.1821945551526674e-07
4.1821945551526674e-07
4.1821945551526674e-07
0.0003992159717088013
0.0018895084707577679
0.0009110714127946506
0.001009295867875269
0.0008334960676498367
0.0005377417627940676
0.0009661424158774787
0.00014709785078284246
0.0002920017575511931
0.00041536839553868796
4.730943227540553e-05
4.1821945551526674e-07
4.1821945551526674e-07
4.1821945551526674e-07
4.1821945551526674e-07
4.1821945551526674e-07
4.1821945551526674e-07
0.00016338180356205767
0.0003159885181265808
0.0009245808409419406
0.004709809456243058
0.001379912648281429
0.0005234931781946105
0.0006985656295900247
0.00032754228984960423
0.00045927443949872877
0.00026268996787294355
0.0002118831226795302
0.0025920636150678794
0.002848726644358124
0.0033739892827222193
0.0008089188057303779
0.0005793271690282299
0.0001586201415237477
1.6449485304223922e-05
4.993576321616549e-05
9.236195326068331e-06
4.1821945551526674e-07
4.1821945551526674e-07
4.1821945551526674e-07
4.1821945551526674e-07
4.1821945551526674e-07
4.1821945551526674e-07
4.1821945551526674e-07
4.1821945551526674e-07
4.1821945551526674e-07
4.1821945551526674e-07
4.1821945551526674e-07
4.1821945551526674e-07
4.1821945551526674e-07
4.1821945551526674e-07
4.1821945551526674e-07
4.1821945551526674e-07
4.1821945551526674e-07
4.1821945551526674e-07
4.1821945551526674e-07
4.1821945551526674e-07
4.1821945551526674e-07
4.1821945551526674e-07
4.1821945551526674e-07
4.1821945551526674e-07
4.1821945551526674e-07
4.1821945551526674e-07
4.1821945551526674e-07
4.1821945551526674e-07
4.1821945551526674e-07
4.1821945551526674e-07
4.1821945551526674e-07
4.1821945551526674e-07
4.1821945551526674e-07
4.1821945551526674e-07
0.00010605784974451842
0.0004932201971600888
2.6937980440649776e-05
0.0001459749809415802
5.2613592031081934e-05
2.209001896969392e-05
4.1821945551526674e-07
0.0002762023910397479
0.0011218323890546786
0.0030493663030975084
0.002614514157748714
0.0013356890636777683
0.001292707629431915
0.0004932201971600888
0.0016208233344233265
0.0018394190568042593
0.002345931936117372
0.002158505336723018
0.0003414213099737274
0.0003748269751917197
9.169643306447382e-05
0.00011955024406565493
4.1821945551526674e-07
4.1821945551526674e-07
4.1821945551526674e-07
0.00014153573219890015
6.0965559969700685e-05
6.606593459121625e-05
4.1821945551526674e-07
3.730079673663818e-05
0.00011855659456442669
4.1821945551526674e-07
4.1821945551526674e-07
4.1821945551526674e-07
4.1821945551526674e-07
4.1821945551526674e-07
4.1821945551526674e-07
4.1821945551526674e-07
4.1821945551526674e-07
4.1821945551526674e-07
4.1821945551526674e-07
4.1821945551526674e-07
4.1821945551526674e-07
4.1821945551526674e-07
4.1821945551526674e-07
4.1821945551526674e-07
4.1821945551526674e-07
4.1821945551526674e-07
4.1821945551526674e-07
4.1821945551526674e-07
4.1821945551526674e-07
4.1821945551526674e-07
4.1821945551526674e-07
4.1821945551526674e-07
4.1821945551526674e-07
4.1821945551526674e-07
4.1821945551526674e-07
4.1821945551526674e-07
4.1821945551526674e-07
4.1821945551526674e-07
4.1821945551526674e-07
4.1821945551526674e-07
4.1821945551526674e-07
4.277720311343643e-06
0.0005493662218883016
0.0004037798870148761
0.00015394651779406768
0.00019931074202002955
0.00027107759545438143
0.0004224457305175551
0.00017193119130851287
0.0001609898722544984
1.897542464599091e-05
4.1821945551526674e-07
4.1821945551526674e-07
4.1821945551526674e-07
4.1821945551526674e-07
4.1821945551526674e-07
4.1821945551526674e-07
4.0345053192032316e-05
0.00017442543432576272
0.00021474845638305248
5.883189825385341e-05
4.1821945551526674e-07
4.1821945551526674e-07
4.1821945551526674e-07
4.1821945551526674e-07
4.1821945551526674e-07
4.1821945551526674e-07
4.1821945551526674e-07
4.1821945551526674e-07
4.1821945551526674e-07
4.1821945551526674e-07
4.1821945551526674e-07
4.1821945551526674e-07
4.1821945551526674e-07
4.1821945551526674e-07
4.1821945551526674e-07
4.1821945551526674e-07
4.1821945551526674e-07
4.1821945551526674e-07
4.1821945551526674e-07
4.1821945551526674e-07
4.1821945551526674e-07
4.1821945551526674e-07
4.1821945551526674e-07
4.1821945551526674e-07
4.1821945551526674e-07
4.1821945551526674e-07
4.1821945551526674e-07
4.1821945551526674e-07
4.1821945551526674e-07
4.1821945551526674e-07
4.1821945551526674e-07
4.1821945551526674e-07
4.1821945551526674e-07
4.1821945551526674e-07
4.1821945551526674e-07
4.1821945551526674e-07
4.1821945551526674e-07
4.1821945551526674e-07
4.1821945551526674e-07
4.1821945551526674e-07
4.1821945551526674e-07
4.1821945551526674e-07
4.1821945551526674e-07
4.1821945551526674e-07
4.1821945551526674e-07
4.1821945551526674e-07
4.1821945551526674e-07
4.1821945551526674e-07
4.1821945551526674e-07
4.1821945551526674e-07
4.1821945551526674e-07
4.1821945551526674e-07
4.1821945551526674e-07
4.1821945551526674e-07
4.1821945551526674e-07
4.1821945551526674e-07
4.1821945551526674e-07
4.1821945551526674e-07
4.1821945551526674e-07
4.1821945551526674e-07
4.1821945551526674e-07
4.1821945551526674e-07
4.1821945551526674e-07
4.1821945551526674e-07
4.1821945551526674e-07
4.1821945551526674e-07
0.00011462861460091798
0.001274659386318895
0.001665633348461932
0.0006138190518854449
0.00030659595969815087
4.1821945551526674e-07
4.1821945551526674e-07
4.1821945551526674e-07
4.1821945551526674e-07
4.1821945551526674e-07
4.1821945551526674e-07
4.1821945551526674e-07
4.1821945551526674e-07
4.1821945551526674e-07
4.1821945551526674e-07
4.1821945551526674e-07
4.1821945551526674e-07
4.1821945551526674e-07
4.1821945551526674e-07
4.1821945551526674e-07
4.1821945551526674e-07
4.1821945551526674e-07
4.1821945551526674e-07
4.1821945551526674e-07
4.1821945551526674e-07
4.1821945551526674e-07
4.1821945551526674e-07
4.1821945551526674e-07
4.1821945551526674e-07
4.1821945551526674e-07
4.1821945551526674e-07
4.1821945551526674e-07
4.1821945551526674e-07
4.1821945551526674e-07
4.1821945551526674e-07
4.1821945551526674e-07
4.1821945551526674e-07
4.1821945551526674e-07
4.1821945551526674e-07
4.1821945551526674e-07
4.1821945551526674e-07
4.1821945551526674e-07
4.1821945551526674e-07
4.1821945551526674e-07
4.1821945551526674e-07
4.1821945551526674e-07
4.1821945551526674e-07
4.1821945551526674e-07
4.1821945551526674e-07
4.1821945551526674e-07
4.1821945551526674e-07
4.1821945551526674e-07
4.1821945551526674e-07
4.1821945551526674e-07
4.1821945551526674e-07
4.1821945551526674e-07
4.1821945551526674e-07
4.1821945551526674e-07
4.1821945551526674e-07
4.1821945551526674e-07
4.1821945551526674e-07
4.1821945551526674e-07
4.1821945551526674e-07
4.1821945551526674e-07
4.1821945551526674e-07
4.1821945551526674e-07
4.1821945551526674e-07
4.1821945551526674e-07
4.1821945551526674e-07
4.1821945551526674e-07
4.1821945551526674e-07
4.1821945551526674e-07
4.1821945551526674e-07
4.1821945551526674e-07
4.1821945551526674e-07
4.1821945551526674e-07
4.1821945551526674e-07
4.1821945551526674e-07
4.1821945551526674e-07
4.1821945551526674e-07
4.1821945551526674e-07
4.1821945551526674e-07
4.1821945551526674e-07
4.1821945551526674e-07
4.1821945551526674e-07
4.1821945551526674e-07
4.1821945551526674e-07
4.1821945551526674e-07
2.5409593341837125e-06
0.0008129718320947321
0.0002118831226795302
0.00012663863619487018
9.256233596632511e-05
4.1821945551526674e-07
4.1821945551526674e-07
4.1821945551526674e-07
4.1821945551526674e-07
4.1821945551526674e-07
4.1821945551526674e-07
4.1821945551526674e-07
4.1821945551526674e-07
4.1821945551526674e-07
4.1821945551526674e-07
4.1821945551526674e-07
4.1821945551526674e-07
4.1821945551526674e-07
4.1821945551526674e-07
4.1821945551526674e-07
4.1821945551526674e-07
4.1821945551526674e-07
4.1821945551526674e-07
4.1821945551526674e-07
4.1821945551526674e-07
4.1821945551526674e-07
4.1821945551526674e-07
4.1821945551526674e-07
4.1821945551526674e-07
4.1821945551526674e-07
4.1821945551526674e-07
3.61037590376232e-05
0.0006739124121509291
0.00017069273747401294
4.1821945551526674e-07
4.1821945551526674e-07
4.1821945551526674e-07
4.1821945551526674e-07
4.1821945551526674e-07
4.1821945551526674e-07
4.0345053192032316e-05
4.1821945551526674e-07
4.1821945551526674e-07
4.1821945551526674e-07
4.1821945551526674e-07
4.1821945551526674e-07
4.1821945551526674e-07
4.1821945551526674e-07
4.1821945551526674e-07
4.1821945551526674e-07
4.1821945551526674e-07
4.1821945551526674e-07
4.1821945551526674e-07
4.1821945551526674e-07
4.1821945551526674e-07
4.1821945551526674e-07
4.1821945551526674e-07
0.00021619103647832667
0.00043445202639833
4.861621874534112e-05
0.00014822598926857454
0.0006042488837659213
0.000663571115945747
0.00010982200617147932
0.00018988688758190964
0.00023402860621486534
0.00011658332190212555
4.1821945551526674e-07
4.1821945551526674e-07
4.1821945551526674e-07
7.759167615548442e-05
0.0002727781110895458
0.0008933213240646586
0.00056418408999548
4.1821945551526674e-07
4.1821945551526674e-07
4.1821945551526674e-07
4.1821945551526674e-07
4.1821945551526674e-07
4.1821945551526674e-07
4.1821945551526674e-07
4.1821945551526674e-07
4.1821945551526674e-07
4.1821945551526674e-07
4.1821945551526674e-07
4.1821945551526674e-07
4.1821945551526674e-07
4.1821945551526674e-07
4.1821945551526674e-07
4.1821945551526674e-07
4.1821945551526674e-07
4.1821945551526674e-07
4.1821945551526674e-07
4.1821945551526674e-07
4.1821945551526674e-07
4.1821945551526674e-07
4.1821945551526674e-07
4.1821945551526674e-07
4.1821945551526674e-07
4.1821945551526674e-07
0.00011955024406565493
0.00012255949279482532
0.0001307953730917737
8.385352447237871e-07
4.1821945551526674e-07
4.1821945551526674e-07
4.1821945551526674e-07
4.1821945551526674e-07
4.1821945551526674e-07
4.1821945551526674e-07
4.1821945551526674e-07
4.1821945551526674e-07
4.1821945551526674e-07
1.897542464599091e-05
0.0006170367566425887
0.0006042488837659213
0.0004248258015285538
0.0034453768174750503
0.001814817020973844
0.0008845574880146694
3.3161891666773284e-05
6.385895442358655e-05
0.00011077424712389733
7.679718850208893e-05
4.1821945551526674e-07
4.1821945551526674e-07
4.1821945551526674e-07
6.905863929706567e-05
0.002460925212146792
0.003822948066157415
0.0019407995573962398
0.0007057461532181393
0.0013544880551919598
0.0005464411068189754
2.104156285420814e-05
4.1821945551526674e-07
4.1821945551526674e-07
4.1821945551526674e-07
4.1821945551526674e-07
4.1821945551526674e-07
4.1821945551526674e-07
2.6388658180851257e-05
0.0008252342856446661
0.0011598405507256297
0.0011379873867694828
0.0005671864815479923
0.00036201912199936194
0.00026435227366281293
0.00037699513950966535
0.00028666357850053626
3.374452061566211e-05
4.1821945551526674e-07
4.1821945551526674e-07
4.1821945551526674e-07
4.1821945551526674e-07
4.1821945551526674e-07
4.158370540949312e-05
7.134128251298491e-05
4.1821945551526674e-07
4.1821945551526674e-07
4.1821945551526674e-07
4.1821945551526674e-07
4.1821945551526674e-07
4.1821945551526674e-07
4.1821945551526674e-07
4.1821945551526674e-07
4.1821945551526674e-07
4.1821945551526674e-07
4.1821945551526674e-07
4.1821945551526674e-07
4.1821945551526674e-07
4.1821945551526674e-07
0.00016701174896730338
0.0002264767926584861
4.1821945551526674e-07
4.717351414020623e-06
4.1821945551526674e-07
4.1821945551526674e-07
4.1821945551526674e-07
4.1821945551526674e-07
4.1821945551526674e-07
4.1821945551526674e-07
4.1821945551526674e-07
4.1821945551526674e-07
4.1821945551526674e-07
4.1821945551526674e-07
4.1821945551526674e-07
4.1821945551526674e-07
4.1821945551526674e-07
4.1821945551526674e-07
4.1821945551526674e-07
4.1821945551526674e-07
4.1821945551526674e-07
4.1821945551526674e-07
4.1821945551526674e-07
4.1821945551526674e-07
4.1821945551526674e-07
4.1821945551526674e-07
4.1821945551526674e-07
4.1821945551526674e-07
4.1821945551526674e-07
4.1821945551526674e-07
4.1821945551526674e-07
4.1821945551526674e-07
4.1821945551526674e-07
4.1821945551526674e-07
4.1821945551526674e-07
4.1821945551526674e-07
4.1821945551526674e-07
4.1821945551526674e-07
4.1821945551526674e-07
4.1821945551526674e-07
4.1821945551526674e-07
4.1821945551526674e-07
4.1821945551526674e-07
4.1821945551526674e-07
4.1821945551526674e-07
4.1821945551526674e-07
4.1821945551526674e-07
4.1821945551526674e-07
4.1821945551526674e-07
4.1821945551526674e-07
4.1821945551526674e-07
4.1821945551526674e-07
4.1821945551526674e-07
4.1821945551526674e-07
4.1821945551526674e-07
4.1821945551526674e-07
4.1821945551526674e-07
4.1821945551526674e-07
4.1821945551526674e-07
4.1821945551526674e-07
4.1821945551526674e-07
4.1821945551526674e-07
4.1821945551526674e-07
4.1821945551526674e-07
5.534386022694787e-05
0.00023250437361164045
1.846523262218758e-05
4.1821945551526674e-07
4.1821945551526674e-07
4.1821945551526674e-07
4.1821945551526674e-07
0.00019794574759606317
0.0004442498386152374
0.0009708576355963556
0.00037051953720218495
0.0001235720783596293
0.000520680561339854
0.00035991763634296624
0.001256831009283534
0.0009661424158774787
0.00046693689962801937
0.000961446847291135
0.00343099239861529
0.005685346594435422
0.006474287828245006
0.004559562564015016
0.0071079839141605546
0.002910123454483429
0.0007654509217765763
0.0014453083636109644
0.0009995658363664576
0.001814817020973844
0.001643093923662244
0.002102143993834012
0.0006773891920780051
0.00014485735688594262
0.00015049816406288805
0.0004986165862316802
0.0007350896353687716
0.00036201912199936194
0.0005123160239849931
0.002102143993834012
0.002376810169798905
0.0014188317780883927
0.0006399534299313105
0.0002020597020269302
0.00035782552040111097
0.0001769429578319006
0.00032365633711590086
0.0004060770801437846
0.00029741286861591893
3.790371682666185e-05
8.314352761504461e-06
4.1821945551526674e-07
4.1821945551526674e-07
0.00018463723327818477
0.00043445202639833
0.0008170420431812172
0.00024966053426639015
0.0001276704928846307
0.0001297488399264648
0.00010236444348611713
2.9719053644181457e-06
9.96400723984018e-05
0.00038136055718638814
4.1821945551526674e-07
2.5409593341837125e-06
5.2613592031081934e-05
7.057673880861431e-05
4.1821945551526674e-07
4.1821945551526674e-07
4.1821945551526674e-07
4.1821945551526674e-07
4.1821945551526674e-07
4.1821945551526674e-07
4.1821945551526674e-07
4.1821945551526674e-07
4.1821945551526674e-07
4.1821945551526674e-07
4.1821945551526674e-07
4.1821945551526674e-07
4.1821945551526674e-07
4.1821945551526674e-07
4.1821945551526674e-07
4.1821945551526674e-07
4.1821945551526674e-07
4.1821945551526674e-07
4.1821945551526674e-07
4.1821945551526674e-07
4.1821945551526674e-07
4.1821945551526674e-07
4.1821945551526674e-07
4.1821945551526674e-07
4.1821945551526674e-07
4.1821945551526674e-07
4.1821945551526674e-07
4.1821945551526674e-07
4.1821945551526674e-07
4.1821945551526674e-07
4.1821945551526674e-07
4.1821945551526674e-07
4.1821945551526674e-07
4.1821945551526674e-07
4.1821945551526674e-07
4.1821945551526674e-07
4.1821945551526674e-07
4.1821945551526674e-07
4.1821945551526674e-07
4.1821945551526674e-07
4.1821945551526674e-07
4.1821945551526674e-07
4.1821945551526674e-07
4.1821945551526674e-07
0.00010887426571354678
0.00010145200098041932
0.00017442543432576272
4.1821945551526674e-07
4.1821945551526674e-07
2.0003396264418724e-05
2.112159305155292e-06
4.1821945551526674e-07
1.2535711790445848e-05
3.670081527016355e-05
4.1821945551526674e-07
4.1821945551526674e-07
2.5409593341837125e-06
4.1821945551526674e-07
0.0003314633237433007
7.210951080430608e-05
4.1821945551526674e-07
4.1821945551526674e-07
4.1821945551526674e-07
4.1821945551526674e-07
4.1821945551526674e-07
4.1821945551526674e-07
4.1821945551526674e-07
4.1821945551526674e-07
4.1821945551526674e-07
4.1821945551526674e-07
4.1821945551526674e-07
4.1821945551526674e-07
4.1821945551526674e-07
7.365708741880272e-05
4.1821945551526674e-07
4.1821945551526674e-07
4.1821945551526674e-07
2.9719053644181457e-06
4.1821945551526674e-07
1.846523262218758e-05
4.1821945551526674e-07
4.1821945551526674e-07
1.398523749888997e-05
9.700563668069177e-06
4.1821945551526674e-07
3.374452061566211e-05
3.1431029280470095e-05
0.0002309871053579922
0.00010512791409933538
9.518494464757733e-05
0.0001493594193483699
0.0005464411068189754
0.0005291553633535824
0.0007057461532181393
0.00056418408999548
0.00041536839553868796
0.0004799343621142991
0.00026938478612209435
0.0002309871053579922
0.00031220607875965677
0.0005348671470728068
0.0013171182131978692
0.0018643151532579132
0.0028854246527810767
0.003822948066157415
0.003141038913760842
0.0038706528050766686
0.005463857926285648
0.0011434169565823187
0.00025938796284476434
0.00018463723327818477
0.0001586201415237477
0.00013826050530950476
0.00018856534715428416
0.0004959124833426329
0.0008758670369851418
0.0001393471296450617
0.0002744863654395842
0.00037917298689933097
6.168367960567218e-05
6.240527475761141e-05
0.0001493594193483699
4.1821945551526674e-07
4.1821945551526674e-07
4.1821945551526674e-07
4.1821945551526674e-07
4.1821945551526674e-07
4.1821945551526674e-07
4.1821945551526674e-07
4.1821945551526674e-07
4.1821945551526674e-07
4.1821945551526674e-07
4.1821945551526674e-07
4.1821945551526674e-07
4.1821945551526674e-07
4.1821945551526674e-07
4.1821945551526674e-07
4.1821945551526674e-07
1.2057306770526347e-05
4.1821945551526674e-07
4.1821945551526674e-07
1.1581268460831754e-05
0.0003047427235255585
0.0023975957500464175
0.0033458059853846097
0.0020744555692377925
0.0034888536583252924
0.0017038044238819384
0.002255423560616552
0.002376810169798905
0.00432452913543862
0.002225950654857857
0.0004224457305175551
3.3161891666773284e-05
4.1821945551526674e-07
0.00015049816406288805
0.0011820565635687714
0.0013927806258988212
0.0024502681563288702
0.00278848665709045
0.002418542702172075
0.00037917298689933097
4.1821945551526674e-07
4.1821945551526674e-07
4.1821945551526674e-07
4.1821945551526674e-07
4.1821945551526674e-07
4.1821945551526674e-07
4.1821945551526674e-07
4.1821945551526674e-07
4.1821945551526674e-07
4.1821945551526674e-07
4.1821945551526674e-07
4.1821945551526674e-07
4.1821945551526674e-07
4.1821945551526674e-07
4.1821945551526674e-07
4.1821945551526674e-07
4.1821945551526674e-07
4.1821945551526674e-07
4.1821945551526674e-07
4.1821945551526674e-07
4.1821945551526674e-07
4.1821945551526674e-07
4.1821945551526674e-07
4.1821945551526674e-07
4.1821945551526674e-07
4.1821945551526674e-07
4.1821945551526674e-07
4.1821945551526674e-07
0.001111172985349564
0.0017270751151405644
0.00039694916673886784
0.00013826050530950476
0.00023250437361164045
0.0008502304067433799
0.0019933181903444203
0.002047090722668239
0.0038546924760534894
0.0003434398430102302
0.0006235139684343123
0.0015555957460850081
0.001292707629431915
0.002285242314654092
0.0005885718304898898
0.00014822598926857454
0.00045674268208358595
0.0003748269751917197
8.243940034545232e-05
6.385895442358655e-05
4.1821945551526674e-07
4.1821945551526674e-07
4.1821945551526674e-07
4.1821945551526674e-07
4.1821945551526674e-07
4.1821945551526674e-07
4.1821945551526674e-07
0.00018076333501733033
7.288144023329351e-05
2.1564498780108763e-05
0.00015049816406288805
0.00017069273747401294
0.00018333994436650383
0.00010982200617147932
4.1821945551526674e-07
4.1821945551526674e-07
4.1821945551526674e-07
4.1821945551526674e-07
4.1821945551526674e-07
4.1821945551526674e-07
4.1821945551526674e-07
4.1821945551526674e-07
4.1821945551526674e-07
4.1821945551526674e-07
4.1821945551526674e-07
4.1821945551526674e-07
4.1821945551526674e-07
4.1821945551526674e-07
4.1821945551526674e-07
4.1821945551526674e-07
4.1821945551526674e-07
4.1821945551526674e-07
4.1821945551526674e-07
4.1821945551526674e-07
4.1821945551526674e-07
4.1821945551526674e-07
4.1821945551526674e-07
4.1821945551526674e-07
4.1821945551526674e-07
4.1821945551526674e-07
4.1821945551526674e-07
4.1821945551526674e-07
4.1821945551526674e-07
4.1821945551526674e-07
4.1821945551526674e-07
4.1821945551526674e-07
4.1821945551526674e-07
4.1821945551526674e-07
4.1821945551526674e-07
4.1821945551526674e-07
4.1821945551526674e-07
4.1821945551526674e-07
4.1821945551526674e-07
4.1821945551526674e-07
4.1821945551526674e-07
4.1821945551526674e-07
4.1821945551526674e-07
4.1821945551526674e-07
4.1821945551526674e-07
4.1821945551526674e-07
4.1821945551526674e-07
4.1821945551526674e-07
4.1821945551526674e-07
4.1821945551526674e-07
4.1821945551526674e-07
4.1821945551526674e-07
4.1821945551526674e-07
4.1821945551526674e-07
4.1821945551526674e-07
4.1821945551526674e-07
4.1821945551526674e-07
4.1821945551526674e-07
4.1821945551526674e-07
4.1821945551526674e-07
4.1821945551526674e-07
4.1821945551526674e-07
4.1821945551526674e-07
4.1821945551526674e-07
6.0494664229690885e-06
4.1821945551526674e-07
4.1821945551526674e-07
4.1821945551526674e-07
4.1821945551526674e-07
4.1821945551526674e-07
4.1821945551526674e-07
4.1821945551526674e-07
4.1821945551526674e-07
4.1821945551526674e-07
4.1821945551526674e-07
4.1821945551526674e-07
4.1821945551526674e-07
4.1821945551526674e-07
4.1821945551526674e-07
4.1821945551526674e-07
4.1821945551526674e-07
4.1821945551526674e-07
4.1821945551526674e-07
4.1821945551526674e-07
4.1821945551526674e-07
4.1821945551526674e-07
4.1821945551526674e-07
4.1821945551526674e-07
4.1821945551526674e-07
4.1821945551526674e-07
4.1821945551526674e-07
4.1821945551526674e-07
4.1821945551526674e-07
4.1821945551526674e-07
4.1821945551526674e-07
4.1821945551526674e-07
4.1821945551526674e-07
4.1821945551526674e-07
4.1821945551526674e-07
4.1821945551526674e-07
4.1821945551526674e-07
4.1821945551526674e-07
4.1821945551526674e-07
4.1821945551526674e-07
4.1821945551526674e-07
4.1821945551526674e-07
4.1821945551526674e-07
4.1821945551526674e-07
4.1821945551526674e-07
4.1821945551526674e-07
4.1821945551526674e-07
4.1821945551526674e-07
4.1821945551526674e-07
4.1821945551526674e-07
4.1821945551526674e-07
4.1821945551526674e-07
4.1821945551526674e-07
0.0004368852841053776
0.0008715491555106396
7.288144023329351e-05
5.2613592031081934e-05
1.5456462989396356e-05
4.1821945551526674e-07
8.742834526053635e-05
8.658688627788707e-05
0.00018333994436650383
0.00030659595969815087
9.700563668069177e-06
4.1821945551526674e-07
4.1821945551526674e-07
4.1821945551526674e-07
4.1821945551526674e-07
4.1821945551526674e-07
4.1821945551526674e-07
4.1821945551526674e-07
4.1821945551526674e-07
4.1821945551526674e-07
4.1821945551526674e-07
4.1821945551526674e-07
4.1821945551526674e-07
4.1821945551526674e-07
4.1821945551526674e-07
4.1821945551526674e-07
4.1821945551526674e-07
4.1821945551526674e-07
4.1821945551526674e-07
4.1821945551526674e-07
4.1821945551526674e-07
4.1821945551526674e-07
4.1821945551526674e-07
4.1821945551526674e-07
4.1821945551526674e-07
4.1821945551526674e-07
4.1821945551526674e-07
4.1821945551526674e-07
0.00017069273747401294
0.00035574273565322127
0.0008293564506535819
4.1821945551526674e-07
4.1821945551526674e-07
4.1821945551526674e-07
4.1821945551526674e-07
4.1821945551526674e-07
4.1821945551526674e-07
4.1821945551526674e-07
4.1821945551526674e-07
1.9488141962042586e-05
0.00035782552040111097
0.00235618484719601
0.00037917298689933097
0.0006170367566425887
0.0001329032663872059
2.9162454700535683e-05
0.00016579612833594138
5.465632490595088e-05
0.0006601535047763028
0.0008758670369851418
0.00010145200098041932
6.606593459121625e-05
3.491836899647325e-05
4.1821945551526674e-07
4.1821945551526674e-07
4.1821945551526674e-07
4.1821945551526674e-07
4.1821945551526674e-07
4.1821945551526674e-07
4.1821945551526674e-07
4.1821945551526674e-07
4.1821945551526674e-07
4.1821945551526674e-07
4.1821945551526674e-07
4.1821945551526674e-07
4.1821945551526674e-07
4.1821945551526674e-07
4.1821945551526674e-07
4.1821945551526674e-07
4.1821945551526674e-07
4.1821945551526674e-07
4.1821945551526674e-07
4.1821945551526674e-07
4.1821945551526674e-07
4.1821945551526674e-07
4.1821945551526674e-07
4.1821945551526674e-07
4.1821945551526674e-07
4.1821945551526674e-07
4.1821945551526674e-07
4.1821945551526674e-07
4.1821945551526674e-07
4.1821945551526674e-07
4.1821945551526674e-07
4.1821945551526674e-07
6.459107050735467e-05
5.15917927094416e-06
4.1821945551526674e-07
4.1821945551526674e-07
4.1821945551526674e-07
4.1821945551526674e-07
4.1821945551526674e-07
4.1821945551526674e-07
4.1821945551526674e-07
4.1821945551526674e-07
4.1821945551526674e-07
4.1821945551526674e-07
4.1821945551526674e-07
4.1821945551526674e-07
4.1821945551526674e-07
4.1821945551526674e-07
4.1821945551526674e-07
4.1821945551526674e-07
4.1821945551526674e-07
4.1821945551526674e-07
4.1821945551526674e-07
4.1821945551526674e-07
4.1821945551526674e-07
4.1821945551526674e-07
4.1821945551526674e-07
4.1821945551526674e-07
4.1821945551526674e-07
4.1821945551526674e-07
4.1821945551526674e-07
4.1821945551526674e-07
0.0001872499086963001
4.1821945551526674e-07
4.1821945551526674e-07
4.1821945551526674e-07
4.1821945551526674e-07
4.1821945551526674e-07
4.1821945551526674e-07
7.288144023329351e-05
9.343237658118814e-05
4.1821945551526674e-07
4.1821945551526674e-07
4.1821945551526674e-07
4.1821945551526674e-07
4.1821945551526674e-07
4.1821945551526674e-07
4.1821945551526674e-07
5.329120576535909e-05
4.1821945551526674e-07
4.1821945551526674e-07
1.3016494535658117e-05
7.401631324762366e-06
5.672895762444332e-05
0.00041070214547882347
4.1821945551526674e-07
4.1821945551526674e-07
4.1821945551526674e-07
4.1821945551526674e-07
9.695428540951934e-05
0.00025938796284476434
0.00010054388364771395
0.00046693689962801937
0.0002279733441721462
4.1821945551526674e-07
4.1821945551526674e-07
1.7957554246278875e-05
0.0005671864815479923
0.0017192872896510238
0.0015273538706807768
0.0030883582006644853
0.00353281964308739
0.0045410861370690616
0.0010591784802942783
0.0006601535047763028
0.0020652981691893623
0.004884112706365011
0.0039676606763426716
0.003518109665249917
0.004825381725251129
0.006705756555640919
0.0008211295054639289
0.0004542220473359817
0.001680810427726234
0.000582395382984946
0.0004296176395219437
4.158370540949312e-05
3.790371682666185e-05
0.00010512791409933538
4.927438898930533e-05
4.1821945551526674e-07
4.1821945551526674e-07
4.1821945551526674e-07
4.1821945551526674e-07
4.1821945551526674e-07
2.112159305155292e-06
4.1821945551526674e-07
4.1821945551526674e-07
4.1821945551526674e-07
4.1821945551526674e-07
4.1821945551526674e-07
4.1821945551526674e-07
4.1821945551526674e-07
4.1821945551526674e-07
4.1821945551526674e-07
4.1821945551526674e-07
4.1821945551526674e-07
8.997696714995678e-05
0.0005948019917762669
0.0003683801846117332
0.00019658704091714873
5.397211174822401e-05
0.00032754228984960423
0.0005793271690282299
0.001665633348461932
0.0025920636150678794
0.0013109781930799678
0.0006170367566425887
0.0005435286923250356
0.0008758670369851418
0.0008008640424062941
0.0006704505116466833
0.00048521376522037526
0.00048521376522037526
2.0521199297108956e-05
0.0001516422465441735
4.927438898930533e-05
4.473367325742414e-05
0.00018988688758190964
0.00038355789034384675
0.0013544880551919598
0.0009200588058659779
0.0005178801959965072
6.385895442358655e-05
4.861621874534112e-05
9.874054821997341e-05
0.0007501410637825599
0.0006704505116466833
0.00048256827308419155
0.0001297488399264648
1.6449485304223922e-05
4.1821945551526674e-07
2.4756803752592095e-05
3.491836899647325e-05
4.1821945551526674e-07
1.3499666068525922e-05
9.700563668069177e-06
4.1821945551526674e-07
4.1821945551526674e-07
4.1821945551526674e-07
4.1821945551526674e-07
4.1821945551526674e-07
4.1821945551526674e-07
4.1821945551526674e-07
4.1821945551526674e-07
4.1821945551526674e-07
4.1821945551526674e-07
4.1821945551526674e-07
4.1821945551526674e-07
4.1821945551526674e-07
4.1821945551526674e-07
4.1821945551526674e-07
4.1821945551526674e-07
4.1821945551526674e-07
4.1821945551526674e-07
4.1821945551526674e-07
4.1821945551526674e-07
4.1821945551526674e-07
4.1821945551526674e-07
4.1821945551526674e-07
4.1821945551526674e-07
4.1821945551526674e-07
4.1821945551526674e-07
4.1821945551526674e-07
4.1821945551526674e-07
4.1821945551526674e-07
4.1821945551526674e-07
4.1821945551526674e-07
4.1821945551526674e-07
4.1821945551526674e-07
4.1821945551526674e-07
4.1821945551526674e-07
4.1821945551526674e-07
4.1821945551526674e-07
7.856857206639839e-06
4.1821945551526674e-07
4.1821945551526674e-07
9.518494464757733e-05
4.796123798652165e-05
4.1821945551526674e-07
4.1821945551526674e-07
4.1821945551526674e-07
4.1821945551526674e-07
4.1821945551526674e-07
4.1821945551526674e-07
4.1821945551526674e-07
4.1821945551526674e-07
4.1821945551526674e-07
4.1821945551526674e-07
4.1821945551526674e-07
4.1821945551526674e-07
4.1821945551526674e-07
4.1821945551526674e-07
4.1821945551526674e-07
4.1821945551526674e-07
4.1821945551526674e-07
4.1821945551526674e-07
4.1821945551526674e-07
4.1821945551526674e-07
4.1821945551526674e-07
4.1821945551526674e-07
4.1821945551526674e-07
4.1821945551526674e-07
4.1821945551526674e-07
4.1821945551526674e-07
4.1821945551526674e-07
4.1821945551526674e-07
4.1821945551526674e-07
4.1821945551526674e-07
4.1821945551526674e-07
1.2057306770526347e-05
2.749000873286707e-05
6.168367960567218e-05
4.1821945551526674e-07
6.948664563820461e-06
4.1821945551526674e-07
4.1821945551526674e-07
4.1821945551526674e-07
4.1821945551526674e-07
7.057673880861431e-05
0.0001820486535206696
0.00041070214547882347
0.0005178801959965072
2.6937980440649776e-05
4.1821945551526674e-07
4.1821945551526674e-07
4.1821945551526674e-07
2.0003396264418724e-05
4.1821945551526674e-07
4.1821945551526674e-07
4.1821945551526674e-07
0.0001820486535206696
3.085970681754776e-05
9.874054821997341e-05
1.3016494535658117e-05
0.00017821051264611893
0.00019254837936965512
2.5842029542925826e-05
0.0001307953730917737
0.0003902088689886811
0.0004695136004138804
0.0003294984034547105
0.0005068002721936703
5.672895762444332e-05
0.00011077424712389733
0.00010793100595410505
0.00017821051264611893
4.1821945551526674e-07
4.1821945551526674e-07
0.00019794574759606317
4.1821945551526674e-07
4.1821945551526674e-07
4.1821945551526674e-07
4.1821945551526674e-07
4.1821945551526674e-07
4.1821945551526674e-07
4.1821945551526674e-07
4.1821945551526674e-07
4.1821945551526674e-07
4.1821945551526674e-07
4.1821945551526674e-07
4.1821945551526674e-07
4.1821945551526674e-07
4.1821945551526674e-07
4.1821945551526674e-07
4.1821945551526674e-07
4.1821945551526674e-07
4.1821945551526674e-07
4.1821945551526674e-07
4.1821945551526674e-07
4.1821945551526674e-07
4.1821945551526674e-07
4.1821945551526674e-07
4.1821945551526674e-07
4.1821945551526674e-07
4.1821945551526674e-07
4.1821945551526674e-07
4.1821945551526674e-07
4.1821945551526674e-07
0.00035160500637010464
0.0005582182793898238
0.00010982200617147932
4.1821945551526674e-07
4.1821945551526674e-07
4.1821945551526674e-07
4.1821945551526674e-07
4.1821945551526674e-07
4.1821945551526674e-07
4.1821945551526674e-07
4.1821945551526674e-07
4.1821945551526674e-07
4.1821945551526674e-07
4.158370540949312e-05
4.1821945551526674e-07
8.574943824308297e-05
4.1821945551526674e-07
4.1821945551526674e-07
4.1821945551526674e-07
4.1821945551526674e-07
4.1821945551526674e-07
0.000694998337551608
0.0016356406669186584
0.0018726797442843869
0.002305315415151376
3.1431029280470095e-05
8.491598333998565e-05
6.313036111282722e-05
0.00035574273565322127
0.00020483413783674347
0.00010982200617147932
0.00015744354151097024
4.1821945551526674e-07
4.1821945551526674e-07
4.1821945551526674e-07
4.1821945551526674e-07
4.1821945551526674e-07
4.1821945551526674e-07
4.1821945551526674e-07
4.1821945551526674e-07
4.1821945551526674e-07
4.1821945551526674e-07
4.1821945551526674e-07
0.0031543336871801427
0.0027647101980360672
0.0015414180203839048
0.0014654487649789815
0.0007276595825308322
0.0009521143654081079
0.0004542220473359817
0.000169460028946329
3.61037590376232e-05
0.0003454674415668823
9.518494464757733e-05
0.00018988688758190964
0.00020483413783674347
0.00019794574759606317
0.0001598022438133534
5.603473276198844e-05
0.00016458615465068615
0.00028666357850053626
8.314352761504461e-06
4.1821945551526674e-07
4.1821945551526674e-07
4.1821945551526674e-07
4.1821945551526674e-07
4.1821945551526674e-07
4.1821945551526674e-07
4.1821945551526674e-07
4.1821945551526674e-07
4.1821945551526674e-07
4.1821945551526674e-07
4.1821945551526674e-07
4.1821945551526674e-07
4.1821945551526674e-07
4.1821945551526674e-07
4.1821945551526674e-07
4.1821945551526674e-07
4.1821945551526674e-07
4.1821945551526674e-07
4.1821945551526674e-07
4.1821945551526674e-07
4.1821945551526674e-07
4.1821945551526674e-07
4.1821945551526674e-07
4.1821945551526674e-07
4.1821945551526674e-07
4.1821945551526674e-07
4.1821945551526674e-07
4.1821945551526674e-07
4.1821945551526674e-07
4.1821945551526674e-07
4.1821945551526674e-07
4.1821945551526674e-07
4.1821945551526674e-07
4.1821945551526674e-07
4.1821945551526674e-07
4.1821945551526674e-07
4.1821945551526674e-07
4.1821945551526674e-07
4.1821945551526674e-07
4.1821945551526674e-07
4.1821945551526674e-07
4.1821945551526674e-07
4.1821945551526674e-07
4.1821945551526674e-07
4.1821945551526674e-07
4.1821945551526674e-07
4.1821945551526674e-07
4.1821945551526674e-07
4.1821945551526674e-07
4.1821945551526674e-07
4.1821945551526674e-07
4.1821945551526674e-07
4.1821945551526674e-07
4.1821945551526674e-07
4.1821945551526674e-07
4.1821945551526674e-07
4.1821945551526674e-07
4.1821945551526674e-07
4.1821945551526674e-07
4.1821945551526674e-07
4.1821945551526674e-07
4.1821945551526674e-07
4.1821945551526674e-07
4.1821945551526674e-07
4.1821945551526674e-07
4.1821945551526674e-07
4.1821945551526674e-07
4.1821945551526674e-07
4.1821945551526674e-07
4.1821945551526674e-07
4.1821945551526674e-07
4.1821945551526674e-07
4.1821945551526674e-07
4.1821945551526674e-07
4.1821945551526674e-07
4.1821945551526674e-07
4.1821945551526674e-07
4.1821945551526674e-07
4.1821945551526674e-07
4.1821945551526674e-07
4.1821945551526674e-07
4.1821945551526674e-07
5.0600355984208145e-05
0.00045674268208358595
0.0004130301013945983
4.1821945551526674e-07
4.1821945551526674e-07
4.1821945551526674e-07
4.1821945551526674e-07
4.1821945551526674e-07
4.1821945551526674e-07
4.1821945551526674e-07
4.1821945551526674e-07
4.1821945551526674e-07
4.1821945551526674e-07
4.1821945551526674e-07
4.1821945551526674e-07
4.1821945551526674e-07
4.1821945551526674e-07
4.1821945551526674e-07
4.1821945551526674e-07
4.1821945551526674e-07
4.1821945551526674e-07
4.1821945551526674e-07
4.1821945551526674e-07
4.1821945551526674e-07
0.0001562724199942784
0.00010145200098041932
0.0002528734961339983
0.0003394118050657009
0.00017821051264611893
0.0010490355495979438
0.0011006012863365347
0.0005885718304898898
0.00042721642352334753
0.00031980517575135476
9.695428540951934e-05
6.385895442358655e-05
8.997696714995678e-05
7.057673880861431e-05
4.1821945551526674e-07
4.1821945551526674e-07
4.1821945551526674e-07
4.1821945551526674e-07
4.1821945551526674e-07
4.1821945551526674e-07
4.1821945551526674e-07
4.1821945551526674e-07
4.1821945551526674e-07
4.1821945551526674e-07
4.1821945551526674e-07
4.1821945551526674e-07
4.1821945551526674e-07
4.1821945551526674e-07
0.00014822598926857454
0.0003683801846117332
0.0002727781110895458
1.398523749888997e-05
4.1821945551526674e-07
4.1821945551526674e-07
5.397211174822401e-05
0.0001586201415237477
0.00047731198571059345
0.00041070214547882347
0.0006432840144544302
0.0003857650264925249
0.00026938478612209435
0.00027107759545438143
4.1821945551526674e-07
4.1821945551526674e-07
4.1821945551526674e-07
4.1821945551526674e-07
4.1821945551526674e-07
4.1821945551526674e-07
0.00010605784974451842
6.385895442358655e-05
8.827383307993124e-05
0.0001872499086963001
8.912336769799859e-05
6.02509002271068e-05
0.00014374495584751581
4.1821945551526674e-07
5.603214164861691e-06
4.1821945551526674e-07
4.1821945551526674e-07
4.1821945551526674e-07
1.2535711790445848e-05
4.1821945551526674e-07
1.5951746064151342e-05
1.9488141962042586e-05
8.912336769799859e-05
0.00010793100595410505
0.0003924456563210816
0.00015744354151097024
4.1821945551526674e-07
4.1821945551526674e-07
4.1821945551526674e-07
4.1821945551526674e-07
4.1821945551526674e-07
4.1821945551526674e-07
4.1821945551526674e-07
4.1821945551526674e-07
4.1821945551526674e-07
4.1821945551526674e-07
4.1821945551526674e-07
4.1821945551526674e-07
4.1821945551526674e-07
4.1821945551526674e-07
4.1821945551526674e-07
4.1821945551526674e-07
4.1821945551526674e-07
4.1821945551526674e-07
4.1821945551526674e-07
4.1821945551526674e-07
4.1821945551526674e-07
4.1821945551526674e-07
4.1821945551526674e-07
4.1821945551526674e-07
4.1821945551526674e-07
4.1821945551526674e-07
4.1821945551526674e-07
4.1821945551526674e-07
4.1821945551526674e-07
4.1821945551526674e-07
4.1821945551526674e-07
4.1821945551526674e-07
4.1821945551526674e-07
4.1821945551526674e-07
4.1821945551526674e-07
4.1821945551526674e-07
4.1821945551526674e-07
4.1821945551526674e-07
4.1821945551526674e-07
4.1821945551526674e-07
4.1821945551526674e-07
4.1821945551526674e-07
4.1821945551526674e-07
4.1821945551526674e-07
4.1821945551526674e-07
4.1821945551526674e-07
4.1821945551526674e-07
7.856857206639839e-06
9.874054821997341e-05
0.0001516422465441735
8.408650382495522e-05
4.1821945551526674e-07
0.00015510675328657192
0.0008802031245002676
0.0005068002721936703
0.0015915424009185638
0.004289347737468241
0.0033739892827222193
0.0007463541357962739
0.006864143201927446
0.018005553270569855
0.014728564085050872
0.00575333898464071
0.0015842952420718158
0.0007501410637825599
0.0006074251700725178
0.0005234931781946105
0.00016458615465068615
7.521960187700902e-05
2.9725432284022987e-05
4.1821945551526674e-07
4.1821945551526674e-07
4.1821945551526674e-07
4.1821945551526674e-07
4.1821945551526674e-07
4.1821945551526674e-07
4.1821945551526674e-07
4.1821945551526674e-07
4.1821945551526674e-07
4.1821945551526674e-07
4.1821945551526674e-07
4.1821945551526674e-07
4.1821945551526674e-07
4.1821945551526674e-07
4.1821945551526674e-07
4.1821945551526674e-07
4.1821945551526674e-07
4.1821945551526674e-07
4.1821945551526674e-07
4.1821945551526674e-07
4.1821945551526674e-07
4.1821945551526674e-07
4.1821945551526674e-07
4.1821945551526674e-07
4.1821945551526674e-07
4.1821945551526674e-07
4.1821945551526674e-07
4.1821945551526674e-07
4.1821945551526674e-07
4.1821945551526674e-07
4.1821945551526674e-07
4.1821945551526674e-07
4.1821945551526674e-07
4.1821945551526674e-07
4.1821945551526674e-07
4.1821945551526674e-07
4.1821945551526674e-07
4.1821945551526674e-07
4.1821945551526674e-07
4.1821945551526674e-07
4.1821945551526674e-07
4.1821945551526674e-07
4.1821945551526674e-07
4.1821945551526674e-07
0.00012663863619487018
0.0001731754152823745
4.1821945551526674e-07
4.1821945551526674e-07
4.1821945551526674e-07
4.1821945551526674e-07
4.1821945551526674e-07
4.1821945551526674e-07
4.1821945551526674e-07
4.1821945551526674e-07
4.1821945551526674e-07
4.1821945551526674e-07
4.1821945551526674e-07
4.1821945551526674e-07
4.1821945551526674e-07
4.1821945551526674e-07
4.1821945551526674e-07
4.1821945551526674e-07
4.1821945551526674e-07
4.1821945551526674e-07
4.1821945551526674e-07
4.1821945551526674e-07
4.1821945551526674e-07
4.1821945551526674e-07
4.1821945551526674e-07
4.1821945551526674e-07
4.1821945551526674e-07
4.1821945551526674e-07
4.1821945551526674e-07
4.1821945551526674e-07
4.1821945551526674e-07
4.1821945551526674e-07
4.1821945551526674e-07
4.1821945551526674e-07
4.1821945551526674e-07
4.1821945551526674e-07
4.1821945551526674e-07
4.1821945551526674e-07
4.1821945551526674e-07
4.1821945551526674e-07
4.1821945551526674e-07
4.1821945551526674e-07
4.1821945551526674e-07
4.1821945551526674e-07
4.1821945551526674e-07
4.1821945551526674e-07
4.1821945551526674e-07
4.1821945551526674e-07
4.1821945551526674e-07
4.1821945551526674e-07
4.1821945551526674e-07
0.00016338180356205767
4.1821945551526674e-07
4.1821945551526674e-07
4.1821945551526674e-07
5.9539684819780406e-05
4.1821945551526674e-07
0.0001609898722544984
4.1821945551526674e-07
4.1821945551526674e-07
4.1821945551526674e-07
4.1821945551526674e-07
4.1821945551526674e-07
4.1821945551526674e-07
4.1821945551526674e-07
4.1821945551526674e-07
4.1821945551526674e-07
4.1821945551526674e-07
4.1821945551526674e-07
6.497946417084116e-06
4.1821945551526674e-07
4.1821945551526674e-07
4.1821945551526674e-07
4.1821945551526674e-07
4.1821945551526674e-07
4.1821945551526674e-07
4.1821945551526674e-07
2.5409593341837125e-06
7.443646904807915e-05
3.085970681754776e-05
4.1821945551526674e-07
4.1821945551526674e-07
4.1821945551526674e-07
4.1821945551526674e-07
4.1821945551526674e-07
4.1821945551526674e-07
4.1821945551526674e-07
4.1821945551526674e-07
4.1821945551526674e-07
4.1821945551526674e-07
4.1821945551526674e-07
4.1821945551526674e-07
4.1821945551526674e-07
4.1821945551526674e-07
4.1821945551526674e-07
4.1821945551526674e-07
8.774128586905785e-06
1.9488141962042586e-05
2.1564498780108763e-05
0.00019658704091714873
0.0006914462789859401
0.0003902088689886811
0.0021680280144728147
0.0004368852841053776
0.00014043886450120028
0.0020290255764019187
0.0020744555692377925
0.0011488689510933416
0.002225950654857857
0.0011164916829414606
0.00026435227366281293
9.606750913543733e-05
4.1821945551526674e-07
5.1939255681021757e-05
0.00035160500637010464
0.0005979373486675574
0.0009474773036815275
0.001274659386318895
0.00019121455620946083
0.0004932201971600888
0.00032365633711590086
0.0007615990090987066
0.0006704505116466833
0.00042007616762730306
9.083464954458178e-05
4.1821945551526674e-07
4.1821945551526674e-07
4.1821945551526674e-07
4.1821945551526674e-07
4.1821945551526674e-07
4.1821945551526674e-07
4.1821945551526674e-07
4.1821945551526674e-07
4.1821945551526674e-07
4.1821945551526674e-07
4.1821945551526674e-07
4.1821945551526674e-07
4.1821945551526674e-07
4.1821945551526674e-07
4.1821945551526674e-07
4.1821945551526674e-07
4.1821945551526674e-07
4.1821945551526674e-07
4.1821945551526674e-07
4.1821945551526674e-07
4.1821945551526674e-07
4.1821945551526674e-07
4.1821945551526674e-07
4.1821945551526674e-07
4.1821945551526674e-07
4.1821945551526674e-07
4.1821945551526674e-07
4.1821945551526674e-07
4.1821945551526674e-07
4.1821945551526674e-07
4.1821945551526674e-07
1.1581268460831754e-05
7.838998272353152e-05
0.00012255949279482532
7.210951080430608e-05
5.2613592031081934e-05
6.830505072691506e-05
6.168367960567218e-05
5.883189825385341e-05
6.755508121727497e-05
0.0003946924086154945
0.0005611947065115004
4.1821945551526674e-07
0.0034023842833373064
0.009318908238402939
0.013710319066817507
0.002659935082715774
0.009145248970350673
0.009459940296598565
0.009747708853461264
0.0030883582006644853
0.0019235674219907199
0.0014790119279027001
0.0014654487649789815
0.000742583296686175
0.00031980517575135476
0.00029021430607381046
0.00030106124730696775
0.0004467264304891549
0.0005762722244460322
0.0002386433864260919
4.1821945551526674e-07
4.1821945551526674e-07
1.398523749888997e-05
4.1821945551526674e-07
4.1821945551526674e-07
4.1821945551526674e-07
4.1821945551526674e-07
4.1821945551526674e-07
4.1821945551526674e-07
4.1821945551526674e-07
4.1821945551526674e-07
4.1821945551526674e-07
4.1821945551526674e-07
4.1821945551526674e-07
4.1821945551526674e-07
4.1821945551526674e-07
4.1821945551526674e-07
4.1821945551526674e-07
4.1821945551526674e-07
4.1821945551526674e-07
4.1821945551526674e-07
4.1821945551526674e-07
4.1821945551526674e-07
4.1821945551526674e-07
4.1821945551526674e-07
4.1821945551526674e-07
4.1821945551526674e-07
4.1821945551526674e-07
4.1821945551526674e-07
4.1821945551526674e-07
4.1821945551526674e-07
4.1821945551526674e-07
4.1821945551526674e-07
7.600650273037106e-05
0.0009382611694484275
0.001111172985349564
0.0013927806258988212
0.0026258041863053165
0.004000475928227118
0.0012275990476002978
0.0024716234564721475
0.003101453955822812
0.005685346594435422
0.0016282171729369635
0.0016884445331398254
0.00026435227366281293
0.00021474845638305248
8.408650382495522e-05
8.314352761504461e-06
4.1821945551526674e-07
4.1821945551526674e-07
0.00010420238076200091
4.1821945551526674e-07
4.1821945551526674e-07
1.1107585893406713e-05
4.1821945551526674e-07
4.1821945551526674e-07
2.3148859973065797e-05
4.1821945551526674e-07
4.1821945551526674e-07
4.1821945551526674e-07
4.1821945551526674e-07
4.1821945551526674e-07
4.1821945551526674e-07
4.1821945551526674e-07
7.365708741880272e-05
0.0003857650264925249
0.00032754228984960423
0.0024290770426978556
0.0005320050305573733
0.0014057534118719
0.0031676786338159586
0.002020046053099673
0.000694998337551608
0.0004932201971600888
0.0017585383043655842
0.0019494667108922695
0.0011989599745777168
0.0003992159717088013
0.00017821051264611893
6.755508121727497e-05
4.1821945551526674e-07
7.401631324762366e-06
0.0001952345951331162
1.3499666068525922e-05
0.0001621830508161896
0.00012255949279482532
0.00038355789034384675
4.1821945551526674e-07
4.1821945551526674e-07
4.1821945551526674e-07
0.00023250437361164045
0.00024332191727649788
0.0002660221573319983
6.755508121727497e-05
0.00022055876891740044
0.00024966053426639015
0.00017069273747401294
3.670081527016355e-05
2.209001896969392e-05
0.00021474845638305248
0.00015744354151097024
0.00013826050530950476
0.0004695136004138804
0.00039694916673886784
0.00032754228984960423
3.1431029280470095e-05
4.1821945551526674e-07
4.1821945551526674e-07
1.6449485304223922e-05
3.85095889862212e-05
4.1821945551526674e-07
2.4756803752592095e-05
0.00019794574759606317
0.006128380824829277
0.004083577404007167
0.0017905059144489725
0.002729384005579416
0.004134175380177595
0.006705756555640919
0.007648287406453735
0.00894066123802762
0.0028124450867312942
0.0014188317780883927
0.00022202810530335486
0.0008758670369851418
0.001286666967811144
0.0014122793490134221
0.0003374112910335575
0.0004643715029189002
0.000663571115945747
0.0010591784802942783
0.0008845574880146694
0.003023616194844175
0.0015915424009185638
0.03135289363471317
0.07957542539928311
0.02448626628116568
0.006499649523826324
9.874054821997341e-05
4.1821945551526674e-07
4.1821945551526674e-07
4.1821945551526674e-07
4.1821945551526674e-07
4.1821945551526674e-07
4.1821945551526674e-07
4.1821945551526674e-07
4.1821945551526674e-07
4.1821945551526674e-07
4.1821945551526674e-07
4.1821945551526674e-07
4.1821945551526674e-07
4.1821945551526674e-07
4.1821945551526674e-07
4.1821945551526674e-07
4.1821945551526674e-07
4.1821945551526674e-07
4.1821945551526674e-07
4.1821945551526674e-07
4.1821945551526674e-07
4.1821945551526674e-07
4.1821945551526674e-07
4.1821945551526674e-07
4.1821945551526674e-07
0.00020904403731025734
0.00010699220717677692
6.830505072691506e-05
6.459107050735467e-05
4.1821945551526674e-07
4.1821945551526674e-07
4.1821945551526674e-07
4.1821945551526674e-07
4.1821945551526674e-07
4.1821945551526674e-07
4.1821945551526674e-07
4.1821945551526674e-07
4.1821945551526674e-07
4.1821945551526674e-07
4.1821945551526674e-07
4.1821945551526674e-07
4.1821945551526674e-07
4.1821945551526674e-07
4.1821945551526674e-07
4.1821945551526674e-07
4.1821945551526674e-07
4.1821945551526674e-07
4.1821945551526674e-07
4.1821945551526674e-07
4.1821945551526674e-07
4.1821945551526674e-07
4.1821945551526674e-07
4.1821945551526674e-07
4.1821945551526674e-07
4.1821945551526674e-07
4.1821945551526674e-07
4.1821945551526674e-07
4.1821945551526674e-07
4.1821945551526674e-07
4.1821945551526674e-07
4.1821945551526674e-07
4.1821945551526674e-07
4.1821945551526674e-07
4.1821945551526674e-07
4.1821945551526674e-07
4.1821945551526674e-07
4.1821945551526674e-07
4.1821945551526674e-07
4.1821945551526674e-07
4.1821945551526674e-07
4.1821945551526674e-07
4.1821945551526674e-07
4.1821945551526674e-07
2.749000873286707e-05
8.243940034545232e-05
6.0494664229690885e-06
5.603214164861691e-06
0.00027965788675017816
0.0010694058782455772
0.0008211295054639289
0.0007350896353687716
0.0008889301977246149
0.001680810427726234
0.002418542702172075
0.0029726968575182616
0.0016208233344233265
0.0002660221573319983
0.0001756812734667991
4.1821945551526674e-07
9.874054821997341e-05
0.00017193119130851287
0.00018988688758190964
4.1821945551526674e-07
3.85095889862212e-05
0.00038136055718638814
0.0007577634374066777
0.00035991763634296624
0.002580902805480485
0.0028244929282907755
0.0057079305489756834
0.01832144137297184
0.009145248970350673
0.00465295623504171
0.0002294767719938451
4.1821945551526674e-07
4.1821945551526674e-07
4.1821945551526674e-07
4.1821945551526674e-07
4.1821945551526674e-07
4.1821945551526674e-07
4.1821945551526674e-07
4.1821945551526674e-07
4.1821945551526674e-07
4.1821945551526674e-07
0.00035991763634296624
0.0007693192390129263
0.0007615990090987066
0.0015203641295567913
0.0035772796495436945
0.0016208233344233265
0.002752889821388912
0.007677712210201276
0.006705756555640919
0.007589739142927908
0.002848726644358124
8.314352761504461e-06
4.1821945551526674e-07
4.1821945551526674e-07
4.1821945551526674e-07
4.1821945551526674e-07
4.1821945551526674e-07
4.1821945551526674e-07
4.1821945551526674e-07
4.1821945551526674e-07
4.1821945551526674e-07
4.1821945551526674e-07
4.1821945551526674e-07
4.1821945551526674e-07
4.1821945551526674e-07
4.1821945551526674e-07
4.1821945551526674e-07
4.1821945551526674e-07
4.1821945551526674e-07
4.1821945551526674e-07
4.1821945551526674e-07
4.1821945551526674e-07
4.1821945551526674e-07
9.236195326068331e-06
4.1821945551526674e-07
4.1821945551526674e-07
4.1821945551526674e-07
4.1821945551526674e-07
4.1821945551526674e-07
4.1821945551526674e-07
4.1821945551526674e-07
4.1821945551526674e-07
4.1821945551526674e-07
4.1821945551526674e-07
4.1821945551526674e-07
4.1821945551526674e-07
4.1821945551526674e-07
4.1821945551526674e-07
4.1821945551526674e-07
4.1821945551526674e-07
4.1821945551526674e-07
4.1821945551526674e-07
4.1821945551526674e-07
4.1821945551526674e-07
4.1821945551526674e-07
4.1821945551526674e-07
4.1821945551526674e-07
4.1821945551526674e-07
4.1821945551526674e-07
4.1821945551526674e-07
4.1821945551526674e-07
4.1821945551526674e-07
4.1821945551526674e-07
4.1821945551526674e-07
4.1821945551526674e-07
4.1821945551526674e-07
4.1821945551526674e-07
4.1821945551526674e-07
4.1821945551526674e-07
4.1821945551526674e-07
4.1821945551526674e-07
4.1821945551526674e-07
4.1821945551526674e-07
4.1821945551526674e-07
4.1821945551526674e-07
4.1821945551526674e-07
4.1821945551526674e-07
4.1821945551526674e-07
4.1821945551526674e-07
4.1821945551526674e-07
4.1821945551526674e-07
4.1821945551526674e-07
4.1821945551526674e-07
4.1821945551526674e-07
4.1821945551526674e-07
4.1821945551526674e-07
5.0600355984208145e-05
0.0003294984034547105
0.00017193119130851287
0.00021909616434388082
0.0003683801846117332
0.00046181736468723316
0.00024647675643422865
0.0002956010048399243
0.0001872499086963001
0.00011269231009596723
0.0003414213099737274
6.532672524703607e-05
4.1821945551526674e-07
4.1821945551526674e-07
4.1821945551526674e-07
4.1821945551526674e-07
4.1821945551526674e-07
4.1821945551526674e-07
4.1821945551526674e-07
4.1821945551526674e-07
4.1821945551526674e-07
4.1821945551526674e-07
0.00014485735688594262
4.1821945551526674e-07
4.1821945551526674e-07
0.0005291553633535824
0.00011560365777229908
1.3016494535658117e-05
4.1821945551526674e-07
4.1821945551526674e-07
4.1821945551526674e-07
4.1821945551526674e-07
4.1821945551526674e-07
4.1821945551526674e-07
4.1821945551526674e-07
4.1821945551526674e-07
4.1821945551526674e-07
4.1821945551526674e-07
4.1821945551526674e-07
4.1821945551526674e-07
4.1821945551526674e-07
4.1821945551526674e-07
4.1821945551526674e-07
4.1821945551526674e-07
4.1821945551526674e-07
4.1821945551526674e-07
4.1821945551526674e-07
4.1821945551526674e-07
4.1821945551526674e-07
4.1821945551526674e-07
4.1821945551526674e-07
4.1821945551526674e-07
4.1821945551526674e-07
4.1821945551526674e-07
4.1821945551526674e-07
4.1821945551526674e-07
4.1821945551526674e-07
4.1821945551526674e-07
4.1821945551526674e-07
4.1821945551526674e-07
4.1821945551526674e-07
4.1821945551526674e-07
4.1821945551526674e-07
4.1821945551526674e-07
4.1821945551526674e-07
4.1821945551526674e-07
4.1821945551526674e-07
4.1821945551526674e-07
4.1821945551526674e-07
5.329120576535909e-05
0.00016338180356205767
0.00028666357850053626
0.0007350896353687716
0.002525737504588861
0.0036829685662954485
0.011558398822854333
0.013611998240669197
0.010193953020259513
0.001598818683788899
0.00020068205114377293
0.0006300472849622466
0.0002279733441721462
0.0004695136004138804
0.00041771707015121607
0.0002956010048399243
0.00018856534715428416
0.0007615990090987066
0.0017905059144489725
0.0038071636018825513
0.001513402474356145
0.0013544880551919598
0.0028731454489136637
0.0034598150478597866
0.001132580157870841
0.002922543370001297
0.0013481962197057977
0.0010953481208964627
0.002056176595653847
0.002848726644358124
0.002998060147629564
0.0016282171729369635
0.006449014494575834
0.002752889821388912
0.00432452913543862
0.0045410861370690616
0.0010044207236565553
0.0006042488837659213
0.0026713994826009653
0.0011006012863365347
0.0003879820059015201
0.00019254837936965512
0.00011173100844669806
3.730079673663818e-05
4.1821945551526674e-07
4.1821945551526674e-07
4.1821945551526674e-07
4.1821945551526674e-07
4.1821945551526674e-07
4.1821945551526674e-07
4.1821945551526674e-07
4.1821945551526674e-07
4.1821945551526674e-07
4.1821945551526674e-07
4.1821945551526674e-07
4.1821945551526674e-07
4.1821945551526674e-07
4.1821945551526674e-07
4.1821945551526674e-07
4.1821945551526674e-07
4.1821945551526674e-07
4.1821945551526674e-07
4.1821945551526674e-07
4.1821945551526674e-07
4.1821945551526674e-07
4.1821945551526674e-07
4.1821945551526674e-07
4.1821945551526674e-07
4.1821945551526674e-07
4.1821945551526674e-07
4.1821945551526674e-07
4.1821945551526674e-07
4.1821945551526674e-07
4.1821945551526674e-07
4.1821945551526674e-07
4.1821945551526674e-07
4.1821945551526674e-07
4.1821945551526674e-07
4.1821945551526674e-07
4.1821945551526674e-07
4.1821945551526674e-07
4.1821945551526674e-07
4.1821945551526674e-07
4.1821945551526674e-07
4.1821945551526674e-07
4.1821945551526674e-07
4.1821945551526674e-07
4.1821945551526674e-07
4.1821945551526674e-07
4.1821945551526674e-07
4.1821945551526674e-07
4.1821945551526674e-07
4.1821945551526674e-07
4.1821945551526674e-07
4.1821945551526674e-07
4.1821945551526674e-07
4.1821945551526674e-07
4.1821945551526674e-07
4.1821945551526674e-07
4.1821945551526674e-07
4.1821945551526674e-07
4.1821945551526674e-07
4.1821945551526674e-07
4.1821945551526674e-07
4.1821945551526674e-07
4.1821945551526674e-07
4.1821945551526674e-07
4.1821945551526674e-07
4.1821945551526674e-07
4.1821945551526674e-07
4.1821945551526674e-07
4.1821945551526674e-07
4.1821945551526674e-07
4.1821945551526674e-07
4.1821945551526674e-07
4.1821945551526674e-07
4.1821945551526674e-07
4.1821945551526674e-07
3.840275724441357e-06
5.603214164861691e-06
5.603473276198844e-05
4.1821945551526674e-07
4.1821945551526674e-07
4.1821945551526674e-07
4.1821945551526674e-07
4.1821945551526674e-07
5.603214164861691e-06
2.6388658180851257e-05
4.1821945551526674e-07
0.0003454674415668823
0.0006499883264002561
2.3148859973065797e-05
0.00019254837936965512
0.00016338180356205767
0.0005552547571079081
0.0006985656295900247
0.00018594054607975617
0.00014153573219890015
0.002659935082715774
0.0008418279273899678
0.0005348671470728068
0.00016579612833594138
0.0001297488399264648
0.00014263775514800113
0.000694998337551608
0.00036201912199936194
0.00012155167244851496
0.0004248258015285538
4.1821945551526674e-07
4.1821945551526674e-07
4.1821945551526674e-07
4.1821945551526674e-07
4.1821945551526674e-07
4.1821945551526674e-07
4.1821945551526674e-07
4.1821945551526674e-07
4.1821945551526674e-07
4.1821945551526674e-07
4.1821945551526674e-07
4.1821945551526674e-07
4.1821945551526674e-07
4.1821945551526674e-07
4.1821945551526674e-07
4.1821945551526674e-07
4.1821945551526674e-07
4.1821945551526674e-07
4.1821945551526674e-07
4.1821945551526674e-07
4.1821945551526674e-07
4.1821945551526674e-07
4.1821945551526674e-07
0.0001307953730917737
5.2613592031081934e-05
4.1821945551526674e-07
4.1821945551526674e-07
1.846523262218758e-05
4.1821945551526674e-07
4.1821945551526674e-07
4.1821945551526674e-07
4.1821945551526674e-07
4.1821945551526674e-07
4.1821945551526674e-07
4.1821945551526674e-07
4.1821945551526674e-07
4.1821945551526674e-07
4.1821945551526674e-07
4.1821945551526674e-07
4.1821945551526674e-07
4.1821945551526674e-07
4.1821945551526674e-07
0.00012155167244851496
0.0007968621736310426
0.0004932201971600888
8.742834526053635e-05
4.1821945551526674e-07
4.1821945551526674e-07
8.243940034545232e-05
0.00010236444348611713
0.0002370980828777443
0.0004320294927018021
0.00035160500637010464
0.0002744863654395842
0.0001307953730917737
0.0009995658363664576
0.0009995658363664576
0.0005291553633535824
0.0003159885181265808
0.0003946924086154945
0.0003103276022935584
0.0011820565635687714
0.0013232833031632373
3.374452061566211e-05
4.1821945551526674e-07
4.1821945551526674e-07
9.430657331474499e-05
4.1821945551526674e-07
3.374452061566211e-05
0.00017948396323348096
0.00011658332190212555
0.00019794574759606317
0.0007732040245997502
0.0014587081515780988
0.0034598150478597866
0.004185332782034755
0.0013992538697137854
0.0011989599745777168
0.0010389764514375124
0.0007968621736310426
0.0009336819500010559
0.0006670034322742025
0.0014587081515780988
0.0026944603340796295
0.0017427441082966187
