0.09918848513626485
0.10080541837843032
0.06726032033992804
0.002659935082715774
0.001292707629431915
0.0015915424009185638
0.0010953481208964627
0.0003394118050657009
1.7957554246278875e-05
4.1821945551526674e-07
4.1821945551526674e-07
4.1821945551526674e-07
4.1821945551526674e-07
4.1821945551526674e-07
4.1821945551526674e-07
4.1821945551526674e-07
4.1821945551526674e-07
4.1821945551526674e-07
4.1821945551526674e-07
4.1821945551526674e-07
4.1821945551526674e-07
4.1821945551526674e-07
4.1821945551526674e-07
4.1821945551526674e-07
4.1821945551526674e-07
4.1821945551526674e-07
4.1821945551526674e-07
4.1821945551526674e-07
4.1821945551526674e-07
4.1821945551526674e-07
4.1821945551526674e-07
4.1821945551526674e-07
4.1821945551526674e-07
4.1821945551526674e-07
4.1821945551526674e-07
4.1821945551526674e-07
4.1821945551526674e-07
4.1821945551526674e-07
4.1821945551526674e-07
8.408650382495522e-05
0.0002660221573319983
0.00019931074202002955
0.0003103276022935584
0.00024332191727649788
0.00041536839553868796
0.0008758670369851418
0.0012450663710943638
0.000573230496605312
0.0007577634374066777
0.00029741286861591893
0.00013396466984619265
4.1821945551526674e-07
4.1821945551526674e-07
4.1821945551526674e-07
4.1821945551526674e-07
0.0001235720783596293
0.0004224457305175551
0.002752889821388912
0.0033178329878246187
0.0020290255764019187
0.0009382611694484275
0.0008672494103550535
0.0008211295054639289
0.00019931074202002955
0.00014153573219890015
0.0002104603129225877
0.00037917298689933097
0.0002937973125004936
0.00036201912199936194
4.730943227540553e-05
3.1431029280470095e-05
0.00029021430607381046
0.0007968621736310426
0.0011653603247968223
0.001386333584095733
0.0016580901562959934
0.0016580901562959934
0.0006601535047763028
0.00010145200098041932
1.897542464599091e-05
4.1821945551526674e-07
4.1821945551526674e-07
4.1821945551526674e-07
3.61037590376232e-05
2.1564498780108763e-05
4.1821945551526674e-07
4.1821945551526674e-07
3.2582108786105586e-05
2.3148859973065797e-05
3.085970681754776e-05
0.00016338180356205767
0.00031220607875965677
0.0003314633237433007
0.00031409303892000344
0.0004320294927018021
0.0007539441433465716
0.004306906337175893
0.005313435785604869
0.0040501535367717945
0.002206492409109143
0.0010141913458926821
0.0008252342856446661
0.0005948019917762669
0.000169460028946329
0.0002937973125004936
0.0005263180957454422
0.0002762023910397479
0.00031789255186428415
0.00019794574759606317
6.459107050735467e-05
4.1821945551526674e-07
4.1821945551526674e-07
4.1821945551526674e-07
4.1821945551526674e-07
4.1821945551526674e-07
4.1821945551526674e-07
4.1821945551526674e-07
4.1821945551526674e-07
4.1821945551526674e-07
4.1821945551526674e-07
4.1821945551526674e-07
4.1821945551526674e-07
4.1821945551526674e-07
4.1821945551526674e-07
1.3016494535658117e-05
0.0002831448609834668
0.0005068002721936703
0.0007849578326866455
0.0008048828978411115
0.0013671487120629345
0.0013171182131978692
0.0016732067359430047
0.0013671487120629345
0.0012509366552643428
0.0010339781423582028
0.002158505336723018
0.0010694058782455772
0.00024647675643422865
3.405007458945186e-06
3.1431029280470095e-05
6.755508121727497e-05
4.409752831835428e-05
4.1821945551526674e-07
4.1821945551526674e-07
4.1821945551526674e-07
4.1821945551526674e-07
4.1821945551526674e-07
4.1821945551526674e-07
4.1821945551526674e-07
4.1821945551526674e-07
4.1821945551526674e-07
4.1821945551526674e-07
4.1821945551526674e-07
1.2535711790445848e-05
2.6388658180851257e-05
4.1821945551526674e-07
4.1821945551526674e-07
4.1821945551526674e-07
4.1821945551526674e-07
4.1821945551526674e-07
4.1821945551526674e-07
4.1821945551526674e-07
0.0001621830508161896
0.0004986165862316802
0.002083648922144672
0.00235618484719601
0.0038546924760534894
0.019231944935598724
0.017756295908631183
0.014160568625864513
0.021536620685397512
0.00960286656196985
0.006944581116478646
0.004202510508154393
0.0011218323890546786
0.001216072887755613
0.0009995658363664576
0.000687909394369356
0.00026938478612209435
0.00021619103647832667
2.9162454700535683e-05
4.1821945551526674e-07
4.1821945551526674e-07
4.1821945551526674e-07
4.1821945551526674e-07
4.1821945551526674e-07
4.1821945551526674e-07
4.1821945551526674e-07
4.1821945551526674e-07
4.1821945551526674e-07
4.1821945551526674e-07
4.1821945551526674e-07
4.1821945551526674e-07
4.1821945551526674e-07
4.1821945551526674e-07
4.1821945551526674e-07
4.1821945551526674e-07
4.1821945551526674e-07
4.1821945551526674e-07
4.1821945551526674e-07
4.1821945551526674e-07
4.1821945551526674e-07
4.1821945551526674e-07
4.1821945551526674e-07
4.1821945551526674e-07
4.1821945551526674e-07
4.1821945551526674e-07
4.1821945551526674e-07
4.1821945551526674e-07
4.1821945551526674e-07
4.1821945551526674e-07
4.1821945551526674e-07
4.1821945551526674e-07
4.1821945551526674e-07
5.0600355984208145e-05
0.0003857650264925249
0.0005552547571079081
0.001711530429580453
0.0017585383043655842
0.0003103276022935584
4.1821945551526674e-07
4.1821945551526674e-07
4.1821945551526674e-07
4.1821945551526674e-07
4.1821945551526674e-07
4.1821945551526674e-07
4.1821945551526674e-07
4.1821945551526674e-07
0.00020344372183440834
2.8044755520704956e-05
0.00036201912199936194
0.001221824154191636
0.00028666357850053626
0.00039694916673886784
0.00011077424712389733
4.1821945551526674e-07
4.1821945551526674e-07
4.1821945551526674e-07
3.911842671788757e-05
4.1821945551526674e-07
4.1821945551526674e-07
4.1821945551526674e-07
4.1821945551526674e-07
4.1821945551526674e-07
4.1821945551526674e-07
4.1821945551526674e-07
4.1821945551526674e-07
4.1821945551526674e-07
4.1821945551526674e-07
4.1821945551526674e-07
4.1821945551526674e-07
4.1821945551526674e-07
4.1821945551526674e-07
4.1821945551526674e-07
4.1821945551526674e-07
4.1821945551526674e-07
4.1821945551526674e-07
4.1821945551526674e-07
2.4756803752592095e-05
4.927438898930533e-05
9.256233596632511e-05
4.1821945551526674e-07
4.1821945551526674e-07
4.1821945551526674e-07
4.1821945551526674e-07
5.7426549990513285e-05
0.0001682330409901979
8.827383307993124e-05
7.057673880861431e-05
0.00016338180356205767
0.00022202810530335486
0.0005523040883263442
0.000520680561339854
0.00020344372183440834
0.0002076342680384362
7.443646904807915e-05
4.1821945551526674e-07
4.1821945551526674e-07
4.1821945551526674e-07
4.1821945551526674e-07
4.1821945551526674e-07
4.1821945551526674e-07
4.1821945551526674e-07
4.1821945551526674e-07
4.1821945551526674e-07
0.00032365633711590086
0.0001493594193483699
0.00012255949279482532
7.679718850208893e-05
4.1821945551526674e-07
4.1821945551526674e-07
4.1821945551526674e-07
4.1821945551526674e-07
4.1821945551526674e-07
4.1821945551526674e-07
4.1821945551526674e-07
4.1821945551526674e-07
4.1821945551526674e-07
4.1821945551526674e-07
4.1821945551526674e-07
4.1821945551526674e-07
4.1821945551526674e-07
4.1821945551526674e-07
4.1821945551526674e-07
4.1821945551526674e-07
4.1821945551526674e-07
4.1821945551526674e-07
4.1821945551526674e-07
4.1821945551526674e-07
4.1821945551526674e-07
4.1821945551526674e-07
4.1821945551526674e-07
4.1821945551526674e-07
4.1821945551526674e-07
4.1821945551526674e-07
4.1821945551526674e-07
4.1821945551526674e-07
4.1821945551526674e-07
4.1821945551526674e-07
4.1821945551526674e-07
4.1821945551526674e-07
4.1821945551526674e-07
8.827383307993124e-05
6.497946417084116e-06
4.1821945551526674e-07
4.1821945551526674e-07
4.1821945551526674e-07
4.1821945551526674e-07
4.1821945551526674e-07
4.1821945551526674e-07
4.1821945551526674e-07
4.1821945551526674e-07
4.1821945551526674e-07
4.1821945551526674e-07
4.1821945551526674e-07
4.1821945551526674e-07
4.1821945551526674e-07
4.1821945551526674e-07
4.1821945551526674e-07
4.1821945551526674e-07
4.1821945551526674e-07
0.0007166326897645051
0.0021775879297759155
0.0015627274584292538
0.0009521143654081079
0.0005435286923250356
4.1821945551526674e-07
4.1821945551526674e-07
4.1821945551526674e-07
3.0291178746524636e-05
0.0003217264255398145
0.0005671864815479923
0.0007350896353687716
0.0014587081515780988
0.0025366858851971295
0.0017427441082966187
0.0012987729931373108
0.004151165420451243
0.003518109665249917
0.002848726644358124
0.000989916526372145
0.00035574273565322127
9.236195326068331e-06
4.1821945551526674e-07
4.1821945551526674e-07
4.1821945551526674e-07
4.1821945551526674e-07
4.1821945551526674e-07
4.1821945551526674e-07
4.1821945551526674e-07
4.1821945551526674e-07
4.1821945551526674e-07
4.1821945551526674e-07
4.1821945551526674e-07
4.1821945551526674e-07
4.1821945551526674e-07
4.1821945551526674e-07
4.1821945551526674e-07
4.1821945551526674e-07
4.1821945551526674e-07
4.1821945551526674e-07
4.1821945551526674e-07
4.1821945551526674e-07
4.1821945551526674e-07
4.1821945551526674e-07
4.1821945551526674e-07
4.1821945551526674e-07
4.1821945551526674e-07
4.1821945551526674e-07
4.1821945551526674e-07
4.1821945551526674e-07
4.1821945551526674e-07
4.1821945551526674e-07
4.1821945551526674e-07
4.1821945551526674e-07
4.1821945551526674e-07
4.1821945551526674e-07
4.1821945551526674e-07
4.1821945551526674e-07
4.1821945551526674e-07
4.1821945551526674e-07
4.1821945551526674e-07
4.1821945551526674e-07
4.1821945551526674e-07
4.1821945551526674e-07
4.1821945551526674e-07
4.1821945551526674e-07
4.1821945551526674e-07
4.1821945551526674e-07
4.1821945551526674e-07
4.1821945551526674e-07
4.1821945551526674e-07
4.1821945551526674e-07
4.1821945551526674e-07
4.1821945551526674e-07
4.1821945551526674e-07
4.1821945551526674e-07
4.1821945551526674e-07
4.1821945551526674e-07
4.1821945551526674e-07
1.9488141962042586e-05
0.0002062309774104609
0.0011543434543623379
0.0016505770507984992
0.00123922006762104
0.0019581680828902135
0.004559562564015016
0.005250109815062958
0.0013544880551919598
0.0008845574880146694
0.0003103276022935584
3.973024358103057e-05
8.827383307993124e-05
0.00016338180356205767
0.0003374112910335575
0.0004368852841053776
0.0006399534299313105
0.0008089188057303779
0.0015555957460850081
0.001292707629431915
0.0010745514519462358
0.0015698878756208125
0.002558709374389707
0.0012275990476002978
0.000501332553446879
0.00017821051264611893
0.0008048828978411115
0.0016356406669186584
0.0014453083636109644
0.0014122793490134221
0.0020652981691893623
0.0015770771019588212
0.0010490355495979438
0.0011989599745777168
0.0004296176395219437
0.00014709785078284246
7.210951080430608e-05
1.6449485304223922e-05
5.465632490595088e-05
5.534386022694787e-05
4.1821945551526674e-07
4.1821945551526674e-07
4.1821945551526674e-07
4.1821945551526674e-07
4.1821945551526674e-07
4.1821945551526674e-07
4.1821945551526674e-07
0.0001609898722544984
0.00018076333501733033
0.00014709785078284246
0.0003434398430102302
0.0020380404246511537
0.004690789790075773
0.004578106139546013
0.005043863982886897
0.0040501535367717945
0.002130159428541079
0.001054096496307939
0.0008211295054639289
0.0009521143654081079
0.0015627274584292538
0.0011543434543623379
0.000942859596226299
0.0005552547571079081
0.00026938478612209435
2.112159305155292e-06
4.1821945551526674e-07
4.1821945551526674e-07
4.1821945551526674e-07
4.1821945551526674e-07
4.1821945551526674e-07
4.1821945551526674e-07
4.1821945551526674e-07
4.1821945551526674e-07
4.1821945551526674e-07
4.1821945551526674e-07
4.1821945551526674e-07
4.1821945551526674e-07
4.1821945551526674e-07
4.1821945551526674e-07
4.1821945551526674e-07
4.1821945551526674e-07
4.1821945551526674e-07
4.1821945551526674e-07
4.1821945551526674e-07
4.1821945551526674e-07
4.1821945551526674e-07
8.658688627788707e-05
6.385895442358655e-05
0.0001297488399264648
0.00017442543432576272
0.00018988688758190964
0.0004060770801437846
0.0007732040245997502
0.001598818683788899
0.0013419299204970976
0.0010901166359383653
0.00013826050530950476
4.1821945551526674e-07
4.1821945551526674e-07
4.1821945551526674e-07
4.1821945551526674e-07
4.1821945551526674e-07
4.1821945551526674e-07
4.1821945551526674e-07
4.1821945551526674e-07
4.1821945551526674e-07
4.1821945551526674e-07
4.1821945551526674e-07
4.1821945551526674e-07
4.1821945551526674e-07
4.1821945551526674e-07
4.1821945551526674e-07
4.1821945551526674e-07
4.1821945551526674e-07
4.1821945551526674e-07
4.537292195379592e-05
5.0600355984208145e-05
4.1821945551526674e-07
7.134128251298491e-05
0.0001952345951331162
0.0004130301013945983
0.00014822598926857454
9.256233596632511e-05
4.537292195379592e-05
3.0291178746524636e-05
2.104156285420814e-05
4.993576321616549e-05
0.00011955024406565493
3.085970681754776e-05
4.1821945551526674e-07
4.1821945551526674e-07
4.1821945551526674e-07
4.1821945551526674e-07
4.1821945551526674e-07
4.1821945551526674e-07
4.1821945551526674e-07
4.1821945551526674e-07
4.1821945551526674e-07
4.1821945551526674e-07
4.1821945551526674e-07
4.1821945551526674e-07
4.1821945551526674e-07
4.1821945551526674e-07
4.1821945551526674e-07
4.1821945551526674e-07
4.1821945551526674e-07
4.1821945551526674e-07
4.1821945551526674e-07
4.1821945551526674e-07
4.1821945551526674e-07
4.1821945551526674e-07
5.1939255681021757e-05
4.1821945551526674e-07
4.1821945551526674e-07
4.1821945551526674e-07
4.1821945551526674e-07
4.1821945551526674e-07
4.1821945551526674e-07
4.1821945551526674e-07
4.1821945551526674e-07
1.5951746064151342e-05
0.00035160500637010464
0.000501332553446879
0.0003902088689886811
0.0002118831226795302
0.00010328123033177369
0.0003434398430102302
0.00025938796284476434
2.9719053644181457e-06
4.1821945551526674e-07
4.1821945551526674e-07
4.1821945551526674e-07
4.1821945551526674e-07
4.1821945551526674e-07
4.1821945551526674e-07
4.1821945551526674e-07
4.1821945551526674e-07
4.1821945551526674e-07
4.1821945551526674e-07
4.1821945551526674e-07
4.1821945551526674e-07
4.1821945551526674e-07
4.1821945551526674e-07
4.1821945551526674e-07
4.1821945551526674e-07
4.1821945551526674e-07
4.1821945551526674e-07
4.1821945551526674e-07
4.1821945551526674e-07
4.1821945551526674e-07
2.749000873286707e-05
5.9539684819780406e-05
8.314352761504461e-06
4.1821945551526674e-07
4.1821945551526674e-07
4.1821945551526674e-07
4.1821945551526674e-07
4.1821945551526674e-07
4.1821945551526674e-07
4.1821945551526674e-07
4.1821945551526674e-07
4.1821945551526674e-07
4.1821945551526674e-07
4.1821945551526674e-07
4.1821945551526674e-07
4.1821945551526674e-07
4.1821945551526674e-07
4.1821945551526674e-07
4.1821945551526674e-07
4.1821945551526674e-07
4.1821945551526674e-07
4.1821945551526674e-07
4.1821945551526674e-07
4.1821945551526674e-07
4.1821945551526674e-07
4.1821945551526674e-07
4.1821945551526674e-07
4.1821945551526674e-07
4.1821945551526674e-07
4.1821945551526674e-07
4.1821945551526674e-07
4.1821945551526674e-07
4.1821945551526674e-07
4.1821945551526674e-07
4.1821945551526674e-07
4.1821945551526674e-07
4.1821945551526674e-07
4.1821945551526674e-07
4.1821945551526674e-07
4.1821945551526674e-07
4.1821945551526674e-07
4.1821945551526674e-07
4.1821945551526674e-07
4.1821945551526674e-07
4.1821945551526674e-07
4.1821945551526674e-07
4.1821945551526674e-07
2.3148859973065797e-05
5.397211174822401e-05
4.1821945551526674e-07
4.1821945551526674e-07
4.1821945551526674e-07
4.1821945551526674e-07
4.1821945551526674e-07
4.1821945551526674e-07
4.1821945551526674e-07
4.1821945551526674e-07
4.1821945551526674e-07
4.1821945551526674e-07
4.1821945551526674e-07
4.1821945551526674e-07
4.1821945551526674e-07
4.1821945551526674e-07
4.1821945551526674e-07
4.1821945551526674e-07
4.1821945551526674e-07
4.1821945551526674e-07
4.1821945551526674e-07
4.1821945551526674e-07
4.1821945551526674e-07
4.1821945551526674e-07
4.1821945551526674e-07
4.1821945551526674e-07
4.1821945551526674e-07
0.00025126335178731157
0.0004542220473359817
6.532672524703607e-05
5.8127525099462624e-05
0.000687909394369356
0.002376810169798905
0.00963889665079164
0.007163208539988429
0.014313525991548993
0.020956804970967465
0.024650811664706753
0.023598251607794156
0.02407907979764254
0.03895665802975025
0.02687908615285257
0.019298472913786672
0.015535452220317676
0.021536620685397512
0.012847597102270892
0.0073029477531780995
0.007677712210201276
0.0026944603340796295
0.0013992538697137854
0.0011820565635687714
0.0045410861370690616
0.0075315906888705
0.007387953200404283
0.008382929555224556
0.007080514254129722
0.006627792874132964
0.0060803369091569255
0.007589739142927908
0.009968613051259316
0.01769445710892179
0.01077721158265377
0.0063987318396557715
0.00894066123802762
0.010579584154377887
0.0029853544891412036
0.0025920636150678794
0.002418542702172075
0.004767282638598045
0.002682907849535136
0.0011379873867694828
0.0014722166571623976
0.0010191072348358014
0.0013608055211462968
0.0012046408852339557
0.0007732040245997502
0.0009567708552478629
0.0011653603247968223
0.0005348671470728068
0.0003047427235255585
0.000308457574302207
0.00035574273565322127
0.0002076342680384362
0.00024332191727649788
4.1821945551526674e-07
4.1821945551526674e-07
4.1821945551526674e-07
4.1821945551526674e-07
4.1821945551526674e-07
4.1821945551526674e-07
4.1821945551526674e-07
4.1821945551526674e-07
4.1821945551526674e-07
4.1821945551526674e-07
4.1821945551526674e-07
4.1821945551526674e-07
4.1821945551526674e-07
4.1821945551526674e-07
4.1821945551526674e-07
4.1821945551526674e-07
4.1821945551526674e-07
4.1821945551526674e-07
4.1821945551526674e-07
4.1821945551526674e-07
4.1821945551526674e-07
4.1821945551526674e-07
4.1821945551526674e-07
4.1821945551526674e-07
4.1821945551526674e-07
4.1821945551526674e-07
4.1821945551526674e-07
4.1821945551526674e-07
4.1821945551526674e-07
4.1821945551526674e-07
4.1821945551526674e-07
4.1821945551526674e-07
4.1821945551526674e-07
4.1821945551526674e-07
4.1821945551526674e-07
4.1821945551526674e-07
4.1821945551526674e-07
4.1821945551526674e-07
4.1821945551526674e-07
4.1821945551526674e-07
4.1821945551526674e-07
4.1821945551526674e-07
4.1821945551526674e-07
4.1821945551526674e-07
4.1821945551526674e-07
4.1821945551526674e-07
4.1821945551526674e-07
4.1821945551526674e-07
4.1821945551526674e-07
4.1821945551526674e-07
4.1821945551526674e-07
4.1821945551526674e-07
3.0291178746524636e-05
1.016724434801614e-05
8.774128586905785e-06
1.6449485304223922e-05
9.606750913543733e-05
4.1821945551526674e-07
4.1821945551526674e-07
4.1821945551526674e-07
4.1821945551526674e-07
0.0002062309774104609
0.00019254837936965512
9.606750913543733e-05
4.1821945551526674e-07
4.1821945551526674e-07
4.1821945551526674e-07
4.1821945551526674e-07
4.1821945551526674e-07
4.1821945551526674e-07
4.1821945551526674e-07
4.283449344976104e-05
0.00038136055718638814
0.00019931074202002955
0.00056418408999548
0.0015273538706807768
0.0009155556871907062
0.0011271951863774507
0.003698292419976449
0.0016580901562959934
0.0017192872896510238
0.0014654487649789815
0.0032351618764110716
0.003547584511888152
0.004884112706365011
0.00311459921530487
0.007796422880902696
0.007826354914409517
0.01177213962581327
0.007947109576515806
0.005125477038747509
0.005043863982886897
0.004066834791828201
0.004596717078610385
0.005064157628781635
0.004431625730112061
0.0032080161995344646
0.006348799419033278
0.0028731454489136637
0.0011764682459082204
0.0007501410637825599
0.0009245808409419406
0.0010044207236565553
0.0017427441082966187
0.0023664775456735177
0.0040501535367717945
0.005003494549262657
0.0009382611694484275
0.0007654509217765763
0.0008587040512945132
0.0007202926443020933
0.00019254837936965512
0.00032754228984960423
0.0006843876243851368
0.0007129883302216486
0.0003857650264925249
0.00041771707015121607
0.0007093595048953729
0.0016580901562959934
0.0036524908640808737
0.0037136731908849635
0.003935086112574001
0.0011933023417513887
7.919212530911115e-05
4.1821945551526674e-07
4.1821945551526674e-07
4.1821945551526674e-07
0.0001562724199942784
0.0003454674415668823
0.00036201912199936194
0.0003159885181265808
0.000504060432779641
0.0006773891920780051
0.002376810169798905
0.002408048984726452
0.002130159428541079
0.0005435286923250356
0.002047090722668239
0.004786579161053152
0.00311459921530487
0.005442138769660085
0.0046341419099830685
0.00411724749795121
0.008641410991126185
0.008839902469956445
0.00496341407004287
0.005334695579377829
0.005125477038747509
0.006128380824829277
0.004578106139546013
0.002897750601766622
0.0042718531297889495
0.0012806509170751551
0.000985121951206015
0.0009521143654081079
0.0019669037948331796
0.0036524908640808737
0.0062010823205501005
0.0038546924760534894
0.001286666967811144
0.000504060432779641
8.491598333998565e-05
0.00024966053426639015
0.0005291553633535824
0.000308457574302207
9.695428540951934e-05
0.00026435227366281293
2.0003396264418724e-05
4.1821945551526674e-07
4.1821945551526674e-07
4.1821945551526674e-07
4.1821945551526674e-07
4.1821945551526674e-07
4.1821945551526674e-07
4.1821945551526674e-07
4.1821945551526674e-07
4.1821945551526674e-07
4.1821945551526674e-07
4.1821945551526674e-07
4.1821945551526674e-07
4.1821945551526674e-07
4.1821945551526674e-07
4.1821945551526674e-07
4.1821945551526674e-07
4.1821945551526674e-07
4.1821945551526674e-07
4.1821945551526674e-07
4.1821945551526674e-07
4.1821945551526674e-07
4.1821945551526674e-07
4.1821945551526674e-07
4.1821945551526674e-07
4.1821945551526674e-07
0.001665633348461932
0.004559562564015016
0.006653690416724425
0.0058451249422135435
0.008256288872701979
0.008674214876091497
0.009424505548136067
0.006810980738864267
0.006008901477572134
0.00857613427653288
0.007274807028869528
0.0012627495225946493
0.0015064688030622597
0.00123922006762104
0.0009382611694484275
0.0006499883264002561
0.00037051953720218495
0.0003992159717088013
4.1821945551526674e-07
0.0001235720783596293
0.00037051953720218495
0.000653362167384441
0.000573230496605312
0.0004296176395219437
0.00021764026301633705
4.1821945551526674e-07
4.1821945551526674e-07
4.1821945551526674e-07
4.1821945551526674e-07
4.1821945551526674e-07
4.1821945551526674e-07
4.1821945551526674e-07
4.1821945551526674e-07
4.1821945551526674e-07
4.1821945551526674e-07
4.1821945551526674e-07
4.1821945551526674e-07
4.1821945551526674e-07
4.1821945551526674e-07
4.1821945551526674e-07
4.1821945551526674e-07
4.1821945551526674e-07
4.1821945551526674e-07
4.1821945551526674e-07
4.1821945551526674e-07
4.1821945551526674e-07
4.1821945551526674e-07
4.1821945551526674e-07
4.1821945551526674e-07
4.1821945551526674e-07
4.1821945551526674e-07
4.1821945551526674e-07
4.1821945551526674e-07
4.1821945551526674e-07
4.1821945551526674e-07
4.1821945551526674e-07
4.1821945551526674e-07
4.1821945551526674e-07
4.1821945551526674e-07
4.1821945551526674e-07
4.1821945551526674e-07
4.1821945551526674e-07
4.1821945551526674e-07
4.1821945551526674e-07
0.00024806501272491634
0.0004959124833426329
0.000989916526372145
0.0012806509170751551
0.0008629677320329522
0.00014263775514800113
7.600650273037106e-05
6.385895442358655e-05
0.00018076333501733033
0.00036201912199936194
0.00048256827308419155
3.1431029280470095e-05
4.1821945551526674e-07
0.00018594054607975617
0.0001609898722544984
0.000646628961050359
0.0008758670369851418
0.0010901166359383653
0.0011271951863774507
0.0017744586042466746
0.002335718674598874
0.0038706528050766686
0.004237055067172595
0.0040501535367717945
0.006944581116478646
0.009495493432057115
0.008543660805613276
0.0016884445331398254
0.001210345160578955
0.0003536692437214269
0.0004905396802356355
0.001268692284931326
0.002580902805480485
0.0010953481208964627
0.00011173100844669806
0.0006914462789859401
0.0002779262205489508
0.00012155167244851496
0.00013396466984619265
5.1939255681021757e-05
4.1821945551526674e-07
4.1821945551526674e-07
4.1821945551526674e-07
4.1821945551526674e-07
4.1821945551526674e-07
7.919212530911115e-05
0.0002279733441721462
4.601528854671915e-05
4.1821945551526674e-07
4.1821945551526674e-07
1.4473219984252543e-05
9.784529217673233e-05
0.00012054859646342047
0.00017948396323348096
9.874054821997341e-05
7.856857206639839e-06
4.1821945551526674e-07
4.1821945551526674e-07
4.1821945551526674e-07
4.1821945551526674e-07
4.1821945551526674e-07
0.0001516422465441735
0.00021331249449299235
6.981586320836901e-05
0.0001307953730917737
7.679718850208893e-05
7.365708741880272e-05
8.912336769799859e-05
5.672895762444332e-05
4.1821945551526674e-07
4.1821945551526674e-07
4.1821945551526674e-07
4.1821945551526674e-07
4.1821945551526674e-07
2.0521199297108956e-05
0.0001598022438133534
0.0001307953730917737
0.00011658332190212555
0.00026435227366281293
0.0007166326897645051
0.0009200588058659779
0.0009382611694484275
0.0019581680828902135
0.00963889665079164
0.013958870893501247
0.011431811604343287
0.00702585881647299
0.009008400111535898
0.008287788277416806
0.009283943655403859
0.006225486693596904
0.0040169743030444285
0.0032080161995344646
0.001432016501392575
0.002418542702172075
0.00235618484719601
0.0026713994826009653
0.0018643151532579132
0.0010591784802942783
0.00028490023520555223
0.0007889091340046143
0.0007129883302216486
0.000781023257093373
0.0005671864815479923
0.0013544880551919598
0.0006739124121509291
0.0006985656295900247
0.00037917298689933097
4.1821945551526674e-07
4.1821945551526674e-07
4.1821945551526674e-07
4.1821945551526674e-07
4.1821945551526674e-07
4.1821945551526674e-07
4.1821945551526674e-07
4.1821945551526674e-07
3.840275724441357e-06
4.1821945551526674e-07
4.1821945551526674e-07
4.1821945551526674e-07
4.1821945551526674e-07
4.1821945551526674e-07
4.1821945551526674e-07
4.1821945551526674e-07
4.1821945551526674e-07
4.1821945551526674e-07
4.1821945551526674e-07
5.534386022694787e-05
1.016724434801614e-05
4.1821945551526674e-07
4.1821945551526674e-07
4.1821945551526674e-07
4.1821945551526674e-07
4.1821945551526674e-07
4.1821945551526674e-07
4.1821945551526674e-07
4.1821945551526674e-07
4.1821945551526674e-07
4.1821945551526674e-07
4.1821945551526674e-07
6.606593459121625e-05
0.0001586201415237477
0.000582395382984946
0.0008460203056030955
0.004709809456243058
0.004748055660677969
0.00343099239861529
0.0068908629982372405
0.0063987318396557715
0.0031543336871801427
0.0022357367521706885
0.0015273538706807768
0.0018979728428437986
0.0015770771019588212
0.0014995630139813336
0.0013356890636777683
0.00013717896926209862
4.1821945551526674e-07
4.1821945551526674e-07
4.1821945551526674e-07
4.1821945551526674e-07
4.346447305630869e-05
0.00019121455620946083
0.0004224457305175551
0.00026268996787294355
0.0001459749809415802
3.085970681754776e-05
4.1821945551526674e-07
8.774128586905785e-06
3.2582108786105586e-05
0.00023402860621486534
0.0001872499086963001
2.1564498780108763e-05
4.1821945551526674e-07
4.1821945551526674e-07
0.0005234931781946105
0.0014654487649789815
0.0017905059144489725
0.0017038044238819384
0.0005406289277940763
0.0005068002721936703
0.0008048828978411115
0.00047731198571059345
0.0007388284839669272
0.0006106152079360141
0.0002020597020269302
0.0003879820059015201
7.999812108526679e-05
0.00010512791409933538
5.7426549990513285e-05
4.1821945551526674e-07
4.1821945551526674e-07
4.1821945551526674e-07
1.3016494535658117e-05
7.210951080430608e-05
0.00037051953720218495
0.00010512791409933538
7.600650273037106e-05
4.601528854671915e-05
4.1821945551526674e-07
1.7957554246278875e-05
4.096286922450232e-05
5.883189825385341e-05
2.5409593341837125e-06
4.796123798652165e-05
0.0002937973125004936
0.0005320050305573733
0.0009708576355963556
0.010817127823167447
0.01114120856684657
0.020814001809112314
0.015316561255320767
0.022130405841100265
0.01451973663085122
0.005662842484725026
0.017388092166844366
0.027327086752614912
0.034422803865495066
0.01877185195873121
0.01667176081874334
0.012570888528013672
0.0036373366435647186
4.1821945551526674e-07
4.1821945551526674e-07
4.1821945551526674e-07
4.1821945551526674e-07
4.1821945551526674e-07
4.1821945551526674e-07
4.1821945551526674e-07
4.1821945551526674e-07
4.1821945551526674e-07
4.1821945551526674e-07
4.1821945551526674e-07
4.1821945551526674e-07
4.1821945551526674e-07
4.1821945551526674e-07
4.1821945551526674e-07
4.1821945551526674e-07
4.1821945551526674e-07
4.1821945551526674e-07
4.1821945551526674e-07
4.1821945551526674e-07
4.1821945551526674e-07
0.0008889301977246149
0.002614514157748714
0.007445112471145236
0.015645927671767684
0.0029853544891412036
0.008511296832645851
0.03365903631773998
0.04108760464848357
0.03634001503536974
0.07520743209551052
0.04358634993802738
0.023439845868977315
0.03176174869125489
0.031454679006646856
0.058973235035539515
0.06804177442404906
0.06823831561063887
0.06942751888143006
0.0501774431087121
0.09472132607955966
0.06804177442404906
0.05094225532548864
0.023125813042676354
0.027598984875370033
0.013082288792016523
0.007387953200404283
0.004449703747682222
0.0022357367521706885
0.0005671864815479923
4.1821945551526674e-07
4.1821945551526674e-07
4.1821945551526674e-07
4.1821945551526674e-07
4.1821945551526674e-07
4.1821945551526674e-07
4.1821945551526674e-07
4.1821945551526674e-07
4.1821945551526674e-07
4.1821945551526674e-07
4.1821945551526674e-07
0.0002279733441721462
0.0018643151532579132
0.0036524908640808737
0.003935086112574001
0.0030623145396340592
0.002897750601766622
0.003141038913760842
0.014009056028675684
0.023282367832038815
0.01857764321303204
0.011018682986653315
0.009857611200204496
0.012894235276907903
0.018836982735661235
0.01916561806684785
0.014059400411394156
0.025234322991113153
0.009318908238402939
0.00660198531836159
0.006323963880706841
0.005618072811461967
0.004884112706365011
0.0037757692001037734
0.0039676606763426716
0.00496341407004287
0.0042197512019429475
0.004431625730112061
0.0022357367521706885
0.001984478726186092
0.0024931440806811476
0.0028124450867312942
0.002910123454483429
0.0006843876243851368
0.0008544582991248565
0.0008715491555106396
0.0006985656295900247
0.0003374112910335575
0.0003536692437214269
0.00041070214547882347
0.0008672494103550535
0.0014519947175024475
0.0006235139684343123
3.2582108786105586e-05
2.5842029542925826e-05
1.7452377923443016e-05
4.1821945551526674e-07
4.1821945551526674e-07
4.1821945551526674e-07
4.1821945551526674e-07
3.491836899647325e-05
0.00010699220717677692
0.00015744354151097024
0.0001297488399264648
0.0002294767719938451
0.0002249870883307202
0.0002249870883307202
0.00013610249935865063
3.405007458945186e-06
5.534386022694787e-05
3.0291178746524636e-05
0.00013396466984619265
4.1821945551526674e-07
5.0600355984208145e-05
8.574943824308297e-05
9.784529217673233e-05
0.00018594054607975617
0.0003047427235255585
0.0002370980828777443
3.5509614705562055e-05
7.365708741880272e-05
2.209001896969392e-05
0.00011560365777229908
0.00011173100844669806
0.0001562724199942784
9.695428540951934e-05
0.0002294767719938451
0.00024332191727649788
6.532672524703607e-05
3.5509614705562055e-05
2.529808216878381e-05
5.329120576535909e-05
8.080798729546087e-05
0.00014043886450120028
0.00014043886450120028
0.00017442543432576272
4.1821945551526674e-07
4.1821945551526674e-07
4.1821945551526674e-07
4.1821945551526674e-07
4.1821945551526674e-07
4.1821945551526674e-07
4.1821945551526674e-07
4.1821945551526674e-07
4.1821945551526674e-07
4.1821945551526674e-07
4.1821945551526674e-07
4.1821945551526674e-07
4.1821945551526674e-07
4.1821945551526674e-07
4.1821945551526674e-07
4.1821945551526674e-07
4.1821945551526674e-07
4.1821945551526674e-07
0.00011077424712389733
8.658688627788707e-05
0.000308457574302207
0.00023555983274114556
0.0002076342680384362
0.0002279733441721462
0.0003902088689886811
0.0004248258015285538
0.000961446847291135
0.0024502681563288702
0.005104963926303597
0.003518109665249917
0.0038546924760534894
0.0013171182131978692
0.0001307953730917737
1.6449485304223922e-05
1.2535711790445848e-05
2.3148859973065797e-05
0.00013184684137160913
0.00012870722034053693
0.0006739124121509291
0.0010694058782455772
0.00013826050530950476
4.1821945551526674e-07
4.1821945551526674e-07
4.1821945551526674e-07
4.1821945551526674e-07
4.1821945551526674e-07
4.1821945551526674e-07
4.1821945551526674e-07
4.1821945551526674e-07
3.85095889862212e-05
0.00013717896926209862
0.0001276704928846307
5.672895762444332e-05
1.1581268460831754e-05
7.919212530911115e-05
8.385352447237871e-07
3.790371682666185e-05
0.00011955024406565493
0.0002610352081605856
0.0002309871053579922
0.00029021430607381046
0.00018076333501733033
0.0002544909982708175
0.0004959124833426329
0.0009995658363664576
0.0013992538697137854
0.0018476849267502124
0.0018726797442843869
0.0016208233344233265
0.0020380404246511537
0.003331793286544015
0.0029853544891412036
0.0007202926443020933
0.0008334960676498367
0.0009336819500010559
7.679718850208893e-05
4.1821945551526674e-07
4.1821945551526674e-07
4.1821945551526674e-07
5.15917927094416e-06
4.1821945551526674e-07
4.1821945551526674e-07
4.1821945551526674e-07
4.1821945551526674e-07
4.1821945551526674e-07
4.1821945551526674e-07
4.1821945551526674e-07
4.1821945551526674e-07
4.1821945551526674e-07
4.1821945551526674e-07
4.1821945551526674e-07
4.1821945551526674e-07
4.1821945551526674e-07
4.1821945551526674e-07
4.1821945551526674e-07
4.1821945551526674e-07
4.1821945551526674e-07
4.1821945551526674e-07
4.1821945551526674e-07
4.1821945551526674e-07
4.1821945551526674e-07
4.1821945551526674e-07
4.1821945551526674e-07
4.1821945551526674e-07
4.1821945551526674e-07
0.0001731754152823745
0.00011269231009596723
0.0005793271690282299
9.169643306447382e-05
4.1821945551526674e-07
4.1821945551526674e-07
4.1821945551526674e-07
4.1821945551526674e-07
4.1821945551526674e-07
4.1821945551526674e-07
4.1821945551526674e-07
4.1821945551526674e-07
4.1821945551526674e-07
4.1821945551526674e-07
4.1821945551526674e-07
4.1821945551526674e-07
4.1821945551526674e-07
4.1821945551526674e-07
5.15917927094416e-06
4.158370540949312e-05
0.0023871828582324056
0.00235618484719601
0.0018559835865508225
0.0011006012863365347
0.002083648922144672
0.0014790119279027001
0.0009947311293911074
0.000646628961050359
0.0002264767926584861
4.1821945551526674e-07
4.1821945551526674e-07
4.1821945551526674e-07
5.883189825385341e-05
4.1821945551526674e-07
9.700563668069177e-06
0.0011709028614675493
0.0023154105509331363
0.00395134340634344
0.0011709028614675493
0.0004368852841053776
0.0007093595048953729
0.00031980517575135476
0.0007501410637825599
0.00019254837936965512
0.00017069273747401294
0.0002561158892805798
0.0003028978309597897
0.0004224457305175551
0.000501332553446879
0.0024396521470343145
0.0017985774832454263
0.001054096496307939
3.5509614705562055e-05
4.1821945551526674e-07
4.1821945551526674e-07
4.1821945551526674e-07
4.1821945551526674e-07
4.1821945551526674e-07
4.1821945551526674e-07
4.1821945551526674e-07
4.1821945551526674e-07
4.1821945551526674e-07
4.1821945551526674e-07
4.1821945551526674e-07
4.1821945551526674e-07
4.1821945551526674e-07
4.1821945551526674e-07
4.1821945551526674e-07
4.1821945551526674e-07
4.1821945551526674e-07
4.1821945551526674e-07
4.1821945551526674e-07
4.1821945551526674e-07
4.1821945551526674e-07
4.1821945551526674e-07
4.1821945551526674e-07
4.1821945551526674e-07
4.1821945551526674e-07
4.1821945551526674e-07
4.1821945551526674e-07
4.1821945551526674e-07
4.1821945551526674e-07
4.1821945551526674e-07
4.1821945551526674e-07
4.1821945551526674e-07
4.1821945551526674e-07
4.1821945551526674e-07
4.1821945551526674e-07
4.1821945551526674e-07
4.1821945551526674e-07
4.1821945551526674e-07
4.1821945551526674e-07
4.1821945551526674e-07
4.1821945551526674e-07
4.1821945551526674e-07
4.1821945551526674e-07
4.1821945551526674e-07
4.1821945551526674e-07
4.1821945551526674e-07
4.1821945551526674e-07
4.1821945551526674e-07
4.1821945551526674e-07
4.1821945551526674e-07
4.1821945551526674e-07
4.1821945551526674e-07
0.00010699220717677692
0.0015203641295567913
0.0022357367521706885
0.002149019766305547
0.0018066811471191301
0.0008293564506535819
0.000663571115945747
0.0013419299204970976
0.003984038118237572
0.005730594596212479
0.004786579161053152
0.00520826798387765
0.005377443295494474
0.007274807028869528
0.00735952054840028
0.010118342154720855
0.012662533035881334
0.007707237859848668
0.00343099239861529
0.00045674268208358595
0.0003294984034547105
0.00012561162899256146
7.134128251298491e-05
4.1821945551526674e-07
4.1821945551526674e-07
4.1821945551526674e-07
4.1821945551526674e-07
4.1821945551526674e-07
4.1821945551526674e-07
4.1821945551526674e-07
0.00036413001603403515
0.0012275990476002978
0.0028124450867312942
0.002408048984726452
0.0009245808409419406
0.0005377417627940676
0.00035574273565322127
0.00015279169001597523
9.784529217673233e-05
3.973024358103057e-05
4.1821945551526674e-07
4.1821945551526674e-07
4.1821945551526674e-07
4.1821945551526674e-07
4.1821945551526674e-07
4.1821945551526674e-07
4.1821945551526674e-07
4.1821945551526674e-07
4.1821945551526674e-07
4.666078723463647e-05
4.1821945551526674e-07
6.0494664229690885e-06
4.1821945551526674e-07
4.1821945551526674e-07
4.1821945551526674e-07
4.1821945551526674e-07
4.1821945551526674e-07
3.374452061566211e-05
6.0965559969700685e-05
0.0005095521198254942
0.005229151508034038
0.00660198531836159
0.0023255449252111257
0.0009200588058659779
0.0011933023417513887
0.001210345160578955
0.0015627274584292538
0.0007615990090987066
0.000573230496605312
0.00017821051264611893
6.313036111282722e-05
4.1821945551526674e-07
4.1821945551526674e-07
3.085970681754776e-05
0.00011855659456442669
7.919212530911115e-05
0.00014485735688594262
0.00014709785078284246
4.993576321616549e-05
8.326098202658756e-05
2.1564498780108763e-05
0.00016458615465068615
0.00028490023520555223
0.000441784146321633
0.0004442498386152374
0.00046693689962801937
0.0004130301013945983
0.0007313666888369
0.0009995658363664576
0.0012806509170751551
0.0012046408852339557
0.0012450663710943638
0.0011709028614675493
0.0012046408852339557
0.0010490355495979438
0.0002544909982708175
0.00019931074202002955
0.00012054859646342047
0.00022055876891740044
0.00030106124730696775
0.00011658332190212555
0.00020904403731025734
0.00011560365777229908
7.521960187700902e-05
9.430657331474499e-05
0.0005234931781946105
0.0004695136004138804
0.0004467264304891549
0.00047731198571059345
0.0004130301013945983
0.0002020597020269302
0.00024019577330216922
0.0002561158892805798
4.277720311343643e-06
3.61037590376232e-05
8.658688627788707e-05
4.1821945551526674e-07
8.574943824308297e-05
9.169643306447382e-05
1.3016494535658117e-05
0.0003314633237433007
0.0007463541357962739
0.0011598405507256297
0.0007889091340046143
2.0003396264418724e-05
4.1821945551526674e-07
4.1821945551526674e-07
4.1821945551526674e-07
4.1821945551526674e-07
4.1821945551526674e-07
4.1821945551526674e-07
4.1821945551526674e-07
4.1821945551526674e-07
4.1821945551526674e-07
4.1821945551526674e-07
4.1821945551526674e-07
4.1821945551526674e-07
4.1821945551526674e-07
4.1821945551526674e-07
4.1821945551526674e-07
4.1821945551526674e-07
4.1821945551526674e-07
4.1821945551526674e-07
4.1821945551526674e-07
4.1821945551526674e-07
4.1821945551526674e-07
4.1821945551526674e-07
4.1821945551526674e-07
4.1821945551526674e-07
4.1821945551526674e-07
4.1821945551526674e-07
4.1821945551526674e-07
4.1821945551526674e-07
4.1821945551526674e-07
4.1821945551526674e-07
4.1821945551526674e-07
4.1821945551526674e-07
4.1821945551526674e-07
4.1821945551526674e-07
4.1821945551526674e-07
4.1821945551526674e-07
4.1821945551526674e-07
4.1821945551526674e-07
4.1821945551526674e-07
4.1821945551526674e-07
4.1821945551526674e-07
4.1821945551526674e-07
4.1821945551526674e-07
4.1821945551526674e-07
4.1821945551526674e-07
4.1821945551526674e-07
4.1821945551526674e-07
4.1821945551526674e-07
4.1821945551526674e-07
4.1821945551526674e-07
4.1821945551526674e-07
4.1821945551526674e-07
4.1821945551526674e-07
4.1821945551526674e-07
4.1821945551526674e-07
4.1821945551526674e-07
4.1821945551526674e-07
4.1821945551526674e-07
4.1821945551526674e-07
4.1821945551526674e-07
4.1821945551526674e-07
4.1821945551526674e-07
4.1821945551526674e-07
4.1821945551526674e-07
4.1821945551526674e-07
4.1821945551526674e-07
4.1821945551526674e-07
4.1821945551526674e-07
4.1821945551526674e-07
4.096286922450232e-05
8.997696714995678e-05
0.0005464411068189754
0.0006773891920780051
0.0007166326897645051
0.0014654487649789815
0.0033881602320936896
0.001187667900179414
0.0009803473280432622
0.00017193119130851287
4.1821945551526674e-07
4.1821945551526674e-07
4.1821945551526674e-07
4.1821945551526674e-07
4.1821945551526674e-07
4.1821945551526674e-07
4.1821945551526674e-07
4.1821945551526674e-07
4.1821945551526674e-07
4.1821945551526674e-07
4.1821945551526674e-07
4.1821945551526674e-07
4.1821945551526674e-07
4.1821945551526674e-07
4.1821945551526674e-07
4.1821945551526674e-07
4.1821945551526674e-07
4.1821945551526674e-07
4.1821945551526674e-07
4.1821945551526674e-07
4.1821945551526674e-07
4.1821945551526674e-07
4.1821945551526674e-07
4.1821945551526674e-07
4.1821945551526674e-07
4.1821945551526674e-07
4.1821945551526674e-07
0.0003314633237433007
0.002225950654857857
4.1821945551526674e-07
4.1821945551526674e-07
4.1821945551526674e-07
4.1821945551526674e-07
4.1821945551526674e-07
4.1821945551526674e-07
4.1821945551526674e-07
4.1821945551526674e-07
4.1821945551526674e-07
4.1821945551526674e-07
4.1821945551526674e-07
4.1821945551526674e-07
4.1821945551526674e-07
4.1821945551526674e-07
4.1821945551526674e-07
4.1821945551526674e-07
4.1821945551526674e-07
4.1821945551526674e-07
4.1821945551526674e-07
4.1821945551526674e-07
4.1821945551526674e-07
4.1821945551526674e-07
4.1821945551526674e-07
4.1821945551526674e-07
4.1821945551526674e-07
4.1821945551526674e-07
4.1821945551526674e-07
4.1821945551526674e-07
4.1821945551526674e-07
4.1821945551526674e-07
4.1821945551526674e-07
4.1821945551526674e-07
4.1821945551526674e-07
4.1821945551526674e-07
4.1821945551526674e-07
4.1821945551526674e-07
4.1821945551526674e-07
4.1821945551526674e-07
4.1821945551526674e-07
4.1821945551526674e-07
4.1821945551526674e-07
4.1821945551526674e-07
4.1821945551526674e-07
4.1821945551526674e-07
4.1821945551526674e-07
4.1821945551526674e-07
4.1821945551526674e-07
4.1821945551526674e-07
4.1821945551526674e-07
4.1821945551526674e-07
4.1821945551526674e-07
4.1821945551526674e-07
4.1821945551526674e-07
4.1821945551526674e-07
4.1821945551526674e-07
4.1821945551526674e-07
4.1821945551526674e-07
4.1821945551526674e-07
4.1821945551526674e-07
4.1821945551526674e-07
4.1821945551526674e-07
4.1821945551526674e-07
4.1821945551526674e-07
4.1821945551526674e-07
4.1821945551526674e-07
4.1821945551526674e-07
4.1821945551526674e-07
4.1821945551526674e-07
4.1821945551526674e-07
4.1821945551526674e-07
4.1821945551526674e-07
4.1821945551526674e-07
4.1821945551526674e-07
4.1821945551526674e-07
4.1821945551526674e-07
4.1821945551526674e-07
4.1821945551526674e-07
4.1821945551526674e-07
4.1821945551526674e-07
1.4473219984252543e-05
0.0011653603247968223
0.0012627495225946493
0.0014519947175024475
0.0010490355495979438
0.0004037798870148761
0.00021474845638305248
0.0003536692437214269
0.0002920017575511931
0.00010512791409933538
4.1821945551526674e-07
4.1821945551526674e-07
4.1821945551526674e-07
4.1821945551526674e-07
4.1821945551526674e-07
4.1821945551526674e-07
4.1821945551526674e-07
4.1821945551526674e-07
4.1821945551526674e-07
2.9725432284022987e-05
1.1581268460831754e-05
3.911842671788757e-05
4.1821945551526674e-07
4.1821945551526674e-07
4.1821945551526674e-07
4.1821945551526674e-07
4.1821945551526674e-07
4.1821945551526674e-07
5.672895762444332e-05
2.421818204057534e-05
6.948664563820461e-06
4.666078723463647e-05
0.0003047427235255585
0.00015744354151097024
0.000169460028946329
8.408650382495522e-05
1.398523749888997e-05
5.15917927094416e-06
4.0345053192032316e-05
9.083464954458178e-05
2.209001896969392e-05
1.2535711790445848e-05
4.1821945551526674e-07
4.1821945551526674e-07
4.1821945551526674e-07
4.1821945551526674e-07
4.1821945551526674e-07
4.1821945551526674e-07
4.1821945551526674e-07
4.1821945551526674e-07
4.1821945551526674e-07
4.1821945551526674e-07
4.1821945551526674e-07
4.1821945551526674e-07
4.1821945551526674e-07
4.1821945551526674e-07
4.1821945551526674e-07
4.1821945551526674e-07
4.1821945551526674e-07
4.1821945551526674e-07
4.1821945551526674e-07
4.1821945551526674e-07
4.1821945551526674e-07
4.1821945551526674e-07
4.1821945551526674e-07
4.1821945551526674e-07
4.1821945551526674e-07
4.1821945551526674e-07
4.1821945551526674e-07
4.1821945551526674e-07
4.1821945551526674e-07
4.1821945551526674e-07
4.1821945551526674e-07
4.1821945551526674e-07
4.1821945551526674e-07
4.1821945551526674e-07
4.1821945551526674e-07
4.1821945551526674e-07
4.1821945551526674e-07
4.1821945551526674e-07
4.1821945551526674e-07
4.1821945551526674e-07
4.1821945551526674e-07
4.1821945551526674e-07
4.1821945551526674e-07
4.473367325742414e-05
5.7426549990513285e-05
4.473367325742414e-05
6.532672524703607e-05
4.1821945551526674e-07
4.1821945551526674e-07
4.1821945551526674e-07
4.1821945551526674e-07
0.00021474845638305248
0.0003495499855054227
0.00036413001603403515
0.00042007616762730306
0.000573230496605312
0.00024806501272491634
0.00011462861460091798
4.1821945551526674e-07
4.1821945551526674e-07
4.1821945551526674e-07
4.1821945551526674e-07
4.1821945551526674e-07
7.521960187700902e-05
0.00027965788675017816
0.00034750414317488595
8.912336769799859e-05
4.158370540949312e-05
0.00018076333501733033
4.1821945551526674e-07
0.00013396466984619265
0.00041070214547882347
0.0005263180957454422
0.0003726684542666927
0.00018988688758190964
6.459107050735467e-05
0.00013396466984619265
3.405007458945186e-06
0.0001276704928846307
8.080798729546087e-05
4.1821945551526674e-07
4.1821945551526674e-07
4.1821945551526674e-07
4.1821945551526674e-07
4.1821945551526674e-07
4.1821945551526674e-07
4.1821945551526674e-07
4.1821945551526674e-07
4.1821945551526674e-07
4.1821945551526674e-07
4.1821945551526674e-07
4.1821945551526674e-07
4.1821945551526674e-07
4.1821945551526674e-07
4.1821945551526674e-07
4.1821945551526674e-07
4.1821945551526674e-07
4.1821945551526674e-07
4.1821945551526674e-07
4.1821945551526674e-07
4.1821945551526674e-07
4.1821945551526674e-07
4.1821945551526674e-07
4.1821945551526674e-07
4.1821945551526674e-07
4.1821945551526674e-07
4.1821945551526674e-07
4.1821945551526674e-07
4.1821945551526674e-07
4.1821945551526674e-07
4.1821945551526674e-07
4.1821945551526674e-07
9.518494464757733e-05
0.0008715491555106396
0.0019150021990455679
0.008839902469956445
0.008773292504924713
0.002729384005579416
5.397211174822401e-05
0.0007166326897645051
0.0008889301977246149
0.00235618484719601
0.0005762722244460322
6.385895442358655e-05
4.1821945551526674e-07
4.1821945551526674e-07
4.1821945551526674e-07
4.1821945551526674e-07
4.1821945551526674e-07
4.1821945551526674e-07
4.1821945551526674e-07
4.1821945551526674e-07
4.1821945551526674e-07
4.1821945551526674e-07
4.1821945551526674e-07
4.1821945551526674e-07
3.085970681754776e-05
4.1821945551526674e-07
4.1821945551526674e-07
4.283449344976104e-05
4.1821945551526674e-07
4.1821945551526674e-07
2.0521199297108956e-05
1.4473219984252543e-05
4.1821945551526674e-07
4.1821945551526674e-07
4.1821945551526674e-07
4.1821945551526674e-07
4.1821945551526674e-07
4.1821945551526674e-07
4.1821945551526674e-07
4.1821945551526674e-07
4.1821945551526674e-07
4.1821945551526674e-07
4.1821945551526674e-07
4.1821945551526674e-07
4.1821945551526674e-07
4.1821945551526674e-07
4.1821945551526674e-07
4.1821945551526674e-07
4.1821945551526674e-07
4.1821945551526674e-07
4.1821945551526674e-07
4.1821945551526674e-07
4.1821945551526674e-07
4.1821945551526674e-07
4.1821945551526674e-07
4.1821945551526674e-07
4.1821945551526674e-07
4.1821945551526674e-07
4.1821945551526674e-07
4.1821945551526674e-07
4.1821945551526674e-07
4.1821945551526674e-07
4.1821945551526674e-07
4.1821945551526674e-07
4.1821945551526674e-07
4.1821945551526674e-07
4.1821945551526674e-07
4.1821945551526674e-07
4.1821945551526674e-07
4.1821945551526674e-07
0.0002744863654395842
0.0006985656295900247
0.000942859596226299
0.0013294735556615524
0.0003374112910335575
0.00043445202639833
0.0006333351213711274
0.00047210165104128615
2.860223332022215e-05
1.4963624729961743e-05
4.1821945551526674e-07
4.1821945551526674e-07
4.1821945551526674e-07
4.1821945551526674e-07
4.1821945551526674e-07
4.1821945551526674e-07
4.1821945551526674e-07
9.430657331474499e-05
0.00033343708727926277
0.00042007616762730306
0.00030659595969815087
0.00019388838349799424
0.012121413137375041
0.0038706528050766686
0.0013356890636777683
0.00024806501272491634
4.1821945551526674e-07
4.1821945551526674e-07
4.1821945551526674e-07
4.1821945551526674e-07
4.1821945551526674e-07
0.00045674268208358595
0.005023643032686542
0.004559562564015016
0.0060803369091569255
0.005868274786084839
0.004066834791828201
0.0027647101980360672
0.0010141913458926821
0.0002076342680384362
0.0001820486535206696
0.0005552547571079081
0.0002660221573319983
0.0006704505116466833
0.00035782552040111097
4.1821945551526674e-07
4.1821945551526674e-07
4.1821945551526674e-07
4.1821945551526674e-07
4.1821945551526674e-07
7.856857206639839e-06
0.0006106152079360141
0.00046181736468723316
0.0007577634374066777
0.0012987729931373108
0.0005234931781946105
0.00011077424712389733
8.658688627788707e-05
4.1821945551526674e-07
4.1821945551526674e-07
4.1821945551526674e-07
4.1821945551526674e-07
4.1821945551526674e-07
4.1821945551526674e-07
4.1821945551526674e-07
4.1821945551526674e-07
4.1821945551526674e-07
4.1821945551526674e-07
4.1821945551526674e-07
4.1821945551526674e-07
4.1821945551526674e-07
4.1821945551526674e-07
4.1821945551526674e-07
4.1821945551526674e-07
4.1821945551526674e-07
4.1821945551526674e-07
4.1821945551526674e-07
4.1821945551526674e-07
4.1821945551526674e-07
4.1821945551526674e-07
4.1821945551526674e-07
1.5951746064151342e-05
4.1821945551526674e-07
4.1821945551526674e-07
4.1821945551526674e-07
4.1821945551526674e-07
4.1821945551526674e-07
4.1821945551526674e-07
0.0004037798870148761
0.0011434169565823187
0.0009474773036815275
0.0004695136004138804
0.00017948396323348096
0.00011269231009596723
7.365708741880272e-05
0.0001516422465441735
0.0002118831226795302
0.0005068002721936703
0.0007732040245997502
0.001187667900179414
0.0007615990090987066
0.001750625499791944
0.001665633348461932
0.001513402474356145
0.0010191072348358014
0.0006670034322742025
0.00039694916673886784
0.00028490023520555223
4.2207575535716617e-05
4.1821945551526674e-07
4.1821945551526674e-07
4.1821945551526674e-07
4.1821945551526674e-07
4.1821945551526674e-07
4.1821945551526674e-07
4.1821945551526674e-07
4.1821945551526674e-07
4.1821945551526674e-07
4.1821945551526674e-07
4.1821945551526674e-07
4.1821945551526674e-07
4.1821945551526674e-07
4.1821945551526674e-07
4.1821945551526674e-07
4.1821945551526674e-07
4.1821945551526674e-07
4.1821945551526674e-07
4.1821945551526674e-07
4.1821945551526674e-07
4.1821945551526674e-07
4.1821945551526674e-07
4.1821945551526674e-07
4.1821945551526674e-07
4.1821945551526674e-07
4.1821945551526674e-07
4.1821945551526674e-07
4.1821945551526674e-07
0.00040838448570574925
0.001750625499791944
0.00311459921530487
0.0007202926443020933
0.00029021430607381046
0.0005523040883263442
0.0008460203056030955
0.0004959124833426329
0.00018988688758190964
6.905863929706567e-05
0.00013184684137160913
0.00024647675643422865
5.7426549990513285e-05
1.1581268460831754e-05
4.1821945551526674e-07
4.1821945551526674e-07
4.1821945551526674e-07
4.1821945551526674e-07
4.1821945551526674e-07
4.1821945551526674e-07
2.6937980440649776e-05
0.00028843492427793436
0.00013717896926209862
4.1821945551526674e-07
4.1821945551526674e-07
4.1821945551526674e-07
4.1821945551526674e-07
4.1821945551526674e-07
4.1821945551526674e-07
6.497946417084116e-06
8.574943824308297e-05
0.0004130301013945983
4.1821945551526674e-07
4.1821945551526674e-07
4.1821945551526674e-07
3.5509614705562055e-05
0.00010145200098041932
5.126818191248138e-05
4.1821945551526674e-07
4.1821945551526674e-07
4.1821945551526674e-07
4.1821945551526674e-07
4.1821945551526674e-07
4.1821945551526674e-07
4.1821945551526674e-07
4.1821945551526674e-07
4.1821945551526674e-07
4.1821945551526674e-07
4.1821945551526674e-07
4.1821945551526674e-07
4.1821945551526674e-07
4.1821945551526674e-07
4.1821945551526674e-07
4.1821945551526674e-07
4.1821945551526674e-07
4.1821945551526674e-07
4.1821945551526674e-07
5.9539684819780406e-05
0.00015049816406288805
0.0004959124833426329
0.0011218323890546786
0.0008629677320329522
0.0003217264255398145
8.574943824308297e-05
4.1821945551526674e-07
4.1821945551526674e-07
4.1821945551526674e-07
4.1821945551526674e-07
4.1821945551526674e-07
4.1821945551526674e-07
4.1821945551526674e-07
4.1821945551526674e-07
8.326098202658756e-05
4.1821945551526674e-07
4.1821945551526674e-07
4.1821945551526674e-07
4.1821945551526674e-07
4.1821945551526674e-07
4.1821945551526674e-07
4.1821945551526674e-07
4.1821945551526674e-07
4.1821945551526674e-07
4.1821945551526674e-07
4.1821945551526674e-07
4.1821945551526674e-07
4.1821945551526674e-07
4.1821945551526674e-07
4.1821945551526674e-07
4.1821945551526674e-07
4.1821945551526674e-07
4.1821945551526674e-07
4.1821945551526674e-07
4.1821945551526674e-07
4.1821945551526674e-07
4.1821945551526674e-07
4.1821945551526674e-07
4.1821945551526674e-07
4.1821945551526674e-07
4.1821945551526674e-07
4.1821945551526674e-07
4.1821945551526674e-07
4.1821945551526674e-07
4.1821945551526674e-07
4.1821945551526674e-07
4.1821945551526674e-07
4.1821945551526674e-07
4.1821945551526674e-07
4.1821945551526674e-07
4.1821945551526674e-07
1.846523262218758e-05
6.948664563820461e-06
4.1821945551526674e-07
4.1821945551526674e-07
4.1821945551526674e-07
4.1821945551526674e-07
4.1821945551526674e-07
4.1821945551526674e-07
4.1821945551526674e-07
4.1821945551526674e-07
4.1821945551526674e-07
4.1821945551526674e-07
4.1821945551526674e-07
4.1821945551526674e-07
4.1821945551526674e-07
4.1821945551526674e-07
4.1821945551526674e-07
4.1821945551526674e-07
4.1821945551526674e-07
4.1821945551526674e-07
4.1821945551526674e-07
4.1821945551526674e-07
4.1821945551526674e-07
4.1821945551526674e-07
4.1821945551526674e-07
4.1821945551526674e-07
4.1821945551526674e-07
4.1821945551526674e-07
4.1821945551526674e-07
4.1821945551526674e-07
4.1821945551526674e-07
4.1821945551526674e-07
4.1821945551526674e-07
4.1821945551526674e-07
4.1821945551526674e-07
4.1821945551526674e-07
4.1821945551526674e-07
4.1821945551526674e-07
4.1821945551526674e-07
4.1821945551526674e-07
4.1821945551526674e-07
4.1821945551526674e-07
4.1821945551526674e-07
4.1821945551526674e-07
4.1821945551526674e-07
4.1821945551526674e-07
4.1821945551526674e-07
4.1821945551526674e-07
4.1821945551526674e-07
0.0002561158892805798
0.0007771053425490303
0.0009803473280432622
0.0026944603340796295
0.015316561255320767
0.027598984875370033
0.01943213422131634
0.011018682986653315
0.005868274786084839
0.007736864654712764
0.0046341419099830685
0.0016884445331398254
0.003547584511888152
0.000694998337551608
0.0003047427235255585
4.1821945551526674e-07
4.1821945551526674e-07
4.1821945551526674e-07
4.1821945551526674e-07
4.1821945551526674e-07
4.1821945551526674e-07
4.1821945551526674e-07
4.1821945551526674e-07
4.1821945551526674e-07
4.1821945551526674e-07
4.1821945551526674e-07
4.1821945551526674e-07
4.1821945551526674e-07
7.057673880861431e-05
1.4963624729961743e-05
0.0006773891920780051
0.0002676996508035356
0.0007388284839669272
0.00028490023520555223
5.7426549990513285e-05
7.134128251298491e-05
4.1821945551526674e-07
7.057673880861431e-05
0.00028843492427793436
0.00041070214547882347
0.00045674268208358595
0.00033343708727926277
0.0004224457305175551
0.0002118831226795302
0.00016701174896730338
4.1821945551526674e-07
2.5842029542925826e-05
9.343237658118814e-05
5.0600355984208145e-05
0.0001516422465441735
0.0001820486535206696
7.365708741880272e-05
1.1581268460831754e-05
1.1107585893406713e-05
6.948664563820461e-06
4.1821945551526674e-07
4.1821945551526674e-07
4.1821945551526674e-07
4.1821945551526674e-07
4.1821945551526674e-07
4.1821945551526674e-07
4.1821945551526674e-07
4.1821945551526674e-07
4.1821945551526674e-07
4.1821945551526674e-07
4.1821945551526674e-07
4.1821945551526674e-07
4.1821945551526674e-07
4.1821945551526674e-07
4.1821945551526674e-07
4.1821945551526674e-07
4.1821945551526674e-07
4.1821945551526674e-07
4.1821945551526674e-07
4.1821945551526674e-07
4.1821945551526674e-07
4.1821945551526674e-07
4.1821945551526674e-07
4.1821945551526674e-07
4.1821945551526674e-07
4.1821945551526674e-07
4.1821945551526674e-07
4.1821945551526674e-07
4.1821945551526674e-07
4.1821945551526674e-07
4.1821945551526674e-07
4.1821945551526674e-07
4.1821945551526674e-07
4.1821945551526674e-07
4.1821945551526674e-07
4.1821945551526674e-07
4.1821945551526674e-07
4.1821945551526674e-07
4.1821945551526674e-07
4.1821945551526674e-07
4.1821945551526674e-07
4.1821945551526674e-07
4.1821945551526674e-07
4.1821945551526674e-07
4.1821945551526674e-07
4.1821945551526674e-07
4.1821945551526674e-07
4.1821945551526674e-07
4.1821945551526674e-07
4.1821945551526674e-07
4.1821945551526674e-07
4.1821945551526674e-07
4.1821945551526674e-07
4.1821945551526674e-07
4.1821945551526674e-07
4.1821945551526674e-07
4.1821945551526674e-07
4.1821945551526674e-07
4.1821945551526674e-07
4.1821945551526674e-07
4.1821945551526674e-07
4.1821945551526674e-07
4.1821945551526674e-07
4.1821945551526674e-07
4.1821945551526674e-07
4.1821945551526674e-07
5.534386022694787e-05
3.85095889862212e-05
4.1821945551526674e-07
0.00035782552040111097
0.0002956010048399243
9.083464954458178e-05
4.1821945551526674e-07
4.1821945551526674e-07
4.1821945551526674e-07
4.1821945551526674e-07
4.1821945551526674e-07
4.1821945551526674e-07
4.1821945551526674e-07
1.1107585893406713e-05
4.1821945551526674e-07
4.1821945551526674e-07
9.430657331474499e-05
0.0002779262205489508
0.00021474845638305248
0.0005523040883263442
0.00030659595969815087
0.00028490023520555223
4.1821945551526674e-07
4.1821945551526674e-07
4.1821945551526674e-07
4.1821945551526674e-07
4.1821945551526674e-07
4.1821945551526674e-07
4.1821945551526674e-07
4.1821945551526674e-07
4.1821945551526674e-07
4.1821945551526674e-07
4.1821945551526674e-07
4.1821945551526674e-07
4.1821945551526674e-07
4.1821945551526674e-07
4.1821945551526674e-07
4.1821945551526674e-07
4.1821945551526674e-07
4.1821945551526674e-07
4.1821945551526674e-07
4.1821945551526674e-07
4.1821945551526674e-07
4.1821945551526674e-07
4.1821945551526674e-07
4.1821945551526674e-07
4.1821945551526674e-07
4.1821945551526674e-07
4.1821945551526674e-07
4.1821945551526674e-07
4.1821945551526674e-07
4.1821945551526674e-07
5.8127525099462624e-05
4.1821945551526674e-07
4.1821945551526674e-07
4.1821945551526674e-07
4.1821945551526674e-07
4.1821945551526674e-07
4.1821945551526674e-07
4.1821945551526674e-07
4.1821945551526674e-07
4.1821945551526674e-07
4.1821945551526674e-07
4.1821945551526674e-07
4.1821945551526674e-07
4.1821945551526674e-07
4.1821945551526674e-07
4.1821945551526674e-07
4.1821945551526674e-07
4.1821945551526674e-07
4.1821945551526674e-07
4.1821945551526674e-07
4.1821945551526674e-07
4.1821945551526674e-07
4.1821945551526674e-07
4.1821945551526674e-07
4.1821945551526674e-07
4.1821945551526674e-07
0.0001731754152823745
0.0002831448609834668
0.00010605784974451842
0.0008293564506535819
0.0008544582991248565
0.0004878708852915705
0.0003414213099737274
4.1821945551526674e-07
4.1821945551526674e-07
4.1821945551526674e-07
4.1821945551526674e-07
4.1821945551526674e-07
4.1821945551526674e-07
4.1821945551526674e-07
4.1821945551526674e-07
4.1821945551526674e-07
4.1821945551526674e-07
4.1821945551526674e-07
4.1821945551526674e-07
4.1821945551526674e-07
4.1821945551526674e-07
8.243940034545232e-05
0.0003902088689886811
0.0013356890636777683
0.0009021591095687292
0.002659935082715774
0.000742583296686175
0.00035574273565322127
1.846523262218758e-05
7.401631324762366e-06
4.1821945551526674e-07
5.672895762444332e-05
0.00019794574759606317
0.00011560365777229908
