0.1127315022082311
0.09472132607955966
0.05265961787978405
0.02060139298559382
0.018068345582900873
0.010118342154720855
0.005356031336687949
0.0003434398430102302
9.874054821997341e-05
3.2582108786105586e-05
2.8044755520704956e-05
0.00020068205114377293
0.00016701174896730338
2.860223332022215e-05
4.1821945551526674e-07
4.1821945551526674e-07
4.1821945551526674e-07
4.1821945551526674e-07
4.1821945551526674e-07
4.1821945551526674e-07
4.1821945551526674e-07
4.1821945551526674e-07
4.1821945551526674e-07
4.1821945551526674e-07
4.1821945551526674e-07
4.1821945551526674e-07
4.1821945551526674e-07
4.1821945551526674e-07
4.1821945551526674e-07
4.1821945551526674e-07
4.1821945551526674e-07
4.1821945551526674e-07
4.1821945551526674e-07
4.1821945551526674e-07
4.1821945551526674e-07
4.1821945551526674e-07
8.080798729546087e-05
0.00011756762735174486
0.00014153573219890015
0.0004442498386152374
0.0004905396802356355
0.0005095521198254942
0.0005611947065115004
0.0003374112910335575
0.00031789255186428415
0.00038355789034384675
0.00045927443949872877
0.0002370980828777443
0.00021764026301633705
5.9539684819780406e-05
8.408650382495522e-05
8.574943824308297e-05
4.1821945551526674e-07
4.1821945551526674e-07
1.9488141962042586e-05
0.00012663863619487018
0.00020904403731025734
0.0002104603129225877
8.827383307993124e-05
0.00010982200617147932
8.385352447237871e-07
4.0345053192032316e-05
0.0001609898722544984
6.830505072691506e-05
0.00011462861460091798
3.61037590376232e-05
2.0003396264418724e-05
4.1821945551526674e-07
4.1821945551526674e-07
4.1821945551526674e-07
4.1821945551526674e-07
3.405007458945186e-06
4.1821945551526674e-07
4.1821945551526674e-07
4.1821945551526674e-07
4.1821945551526674e-07
4.1821945551526674e-07
4.1821945551526674e-07
4.1821945551526674e-07
4.1821945551526674e-07
4.1821945551526674e-07
4.1821945551526674e-07
4.1821945551526674e-07
4.1821945551526674e-07
4.1821945551526674e-07
4.346447305630869e-05
1.3499666068525922e-05
4.1821945551526674e-07
4.1821945551526674e-07
4.1821945551526674e-07
4.1821945551526674e-07
6.313036111282722e-05
4.1821945551526674e-07
4.1821945551526674e-07
4.1821945551526674e-07
2.1564498780108763e-05
0.00014822598926857454
7.365708741880272e-05
0.00024019577330216922
0.0007313666888369
0.000781023257093373
0.000961446847291135
0.0007388284839669272
0.00021619103647832667
0.00023402860621486534
0.00016579612833594138
0.00012458945008389163
2.2618135368530962e-05
4.1821945551526674e-07
4.1821945551526674e-07
3.405007458945186e-06
8.912336769799859e-05
0.00011955024406565493
7.443646904807915e-05
4.1821945551526674e-07
4.1821945551526674e-07
4.1821945551526674e-07
4.1821945551526674e-07
4.1821945551526674e-07
4.1821945551526674e-07
4.1821945551526674e-07
4.1821945551526674e-07
4.1821945551526674e-07
4.1821945551526674e-07
0.0007313666888369
0.0018895084707577679
0.0011933023417513887
0.0003683801846117332
1.398523749888997e-05
4.1821945551526674e-07
4.1821945551526674e-07
4.1821945551526674e-07
2.6388658180851257e-05
0.00010982200617147932
0.00048521376522037526
0.001268692284931326
0.000441784146321633
0.00019931074202002955
0.0001307953730917737
4.1821945551526674e-07
4.1821945551526674e-07
4.1821945551526674e-07
4.1821945551526674e-07
4.1821945551526674e-07
4.1821945551526674e-07
4.1821945551526674e-07
4.1821945551526674e-07
4.1821945551526674e-07
4.1821945551526674e-07
4.1821945551526674e-07
4.1821945551526674e-07
4.1821945551526674e-07
4.1821945551526674e-07
4.1821945551526674e-07
4.1821945551526674e-07
4.1821945551526674e-07
4.1821945551526674e-07
4.1821945551526674e-07
4.1821945551526674e-07
4.1821945551526674e-07
4.1821945551526674e-07
4.1821945551526674e-07
4.1821945551526674e-07
4.1821945551526674e-07
4.1821945551526674e-07
4.1821945551526674e-07
4.1821945551526674e-07
2.0003396264418724e-05
5.7426549990513285e-05
0.00017442543432576272
0.0003946924086154945
0.0002577482003649342
0.0002294767719938451
0.0001952345951331162
0.0008170420431812172
0.0006670034322742025
0.00035160500637010464
0.00021474845638305248
0.00010054388364771395
9.083464954458178e-05
0.00015049816406288805
4.927438898930533e-05
1.3499666068525922e-05
4.1821945551526674e-07
3.4330008688587323e-05
0.00019121455620946083
0.000441784146321633
0.000441784146321633
0.00019121455620946083
4.1821945551526674e-07
4.1821945551526674e-07
4.1821945551526674e-07
4.1821945551526674e-07
4.1821945551526674e-07
4.1821945551526674e-07
4.1821945551526674e-07
4.1821945551526674e-07
4.1821945551526674e-07
4.1821945551526674e-07
4.1821945551526674e-07
4.1821945551526674e-07
4.1821945551526674e-07
4.1821945551526674e-07
4.1821945551526674e-07
4.1821945551526674e-07
4.1821945551526674e-07
4.1821945551526674e-07
4.1821945551526674e-07
4.1821945551526674e-07
4.1821945551526674e-07
4.1821945551526674e-07
4.1821945551526674e-07
4.1821945551526674e-07
4.1821945551526674e-07
4.1821945551526674e-07
4.1821945551526674e-07
4.1821945551526674e-07
4.1821945551526674e-07
4.1821945551526674e-07
4.1821945551526674e-07
4.1821945551526674e-07
4.1821945551526674e-07
4.1821945551526674e-07
4.1821945551526674e-07
4.1821945551526674e-07
4.1821945551526674e-07
4.1821945551526674e-07
4.1821945551526674e-07
4.1821945551526674e-07
4.1821945551526674e-07
4.1821945551526674e-07
4.1821945551526674e-07
4.1821945551526674e-07
4.1821945551526674e-07
4.1821945551526674e-07
4.1821945551526674e-07
4.1821945551526674e-07
4.1821945551526674e-07
4.1821945551526674e-07
1.5951746064151342e-05
4.1821945551526674e-07
4.1821945551526674e-07
4.1821945551526674e-07
0.00010793100595410505
0.0001459749809415802
0.00012155167244851496
0.000520680561339854
0.00024966053426639015
0.00011756762735174486
0.00011365817210826585
0.00018076333501733033
0.00018594054607975617
0.0002956010048399243
9.083464954458178e-05
0.00017821051264611893
0.00031220607875965677
0.0003992159717088013
0.0007732040245997502
0.0005885718304898898
0.0005435286923250356
0.000680880909922902
0.0009291218647837759
0.0011006012863365347
0.0021871852132458844
0.001105876213862849
0.0009474773036815275
0.0011488689510933416
0.0008845574880146694
0.0009521143654081079
0.0010745514519462358
0.0006670034322742025
7.838998272353152e-05
4.1821945551526674e-07
4.1821945551526674e-07
4.1821945551526674e-07
4.1821945551526674e-07
4.1821945551526674e-07
4.1821945551526674e-07
4.1821945551526674e-07
4.1821945551526674e-07
4.1821945551526674e-07
4.1821945551526674e-07
4.1821945551526674e-07
4.1821945551526674e-07
4.1821945551526674e-07
9.784529217673233e-05
0.0002309871053579922
0.0004248258015285538
0.0002762023910397479
0.00014485735688594262
0.0001682330409901979
0.00024966053426639015
0.00011855659456442669
6.532672524703607e-05
1.4473219984252543e-05
4.1821945551526674e-07
4.1821945551526674e-07
4.1821945551526674e-07
4.1821945551526674e-07
4.1821945551526674e-07
4.1821945551526674e-07
4.1821945551526674e-07
4.1821945551526674e-07
4.1821945551526674e-07
4.1821945551526674e-07
4.1821945551526674e-07
4.1821945551526674e-07
4.1821945551526674e-07
4.1821945551526674e-07
4.1821945551526674e-07
4.1821945551526674e-07
4.1821945551526674e-07
4.1821945551526674e-07
4.1821945551526674e-07
4.1821945551526674e-07
4.1821945551526674e-07
4.1821945551526674e-07
4.1821945551526674e-07
4.1821945551526674e-07
4.1821945551526674e-07
4.1821945551526674e-07
4.1821945551526674e-07
3.973024358103057e-05
4.1821945551526674e-07
4.1821945551526674e-07
4.1821945551526674e-07
4.1821945551526674e-07
4.1821945551526674e-07
4.1821945551526674e-07
4.1821945551526674e-07
4.1821945551526674e-07
4.1821945551526674e-07
4.1821945551526674e-07
4.1821945551526674e-07
4.1821945551526674e-07
4.1821945551526674e-07
4.1821945551526674e-07
4.1821945551526674e-07
4.1821945551526674e-07
4.1821945551526674e-07
4.1821945551526674e-07
0.00027107759545438143
0.0001516422465441735
0.00019794574759606317
5.2613592031081934e-05
8.385352447237871e-07
4.1821945551526674e-07
4.1821945551526674e-07
5.465632490595088e-05
0.00047470109744106635
0.0007388284839669272
0.0008418279273899678
0.00046693689962801937
0.0010240436120892652
0.001233397655981201
0.0016884445331398254
0.0019407995573962398
0.001043995560956266
0.0009245808409419406
0.0007057461532181393
0.00032754228984960423
0.0003946924086154945
0.00021474845638305248
0.00019931074202002955
1.7452377923443016e-05
0.0002309871053579922
0.00043445202639833
0.0003454674415668823
0.00025938796284476434
0.00017193119130851287
0.00030659595969815087
0.0003047427235255585
0.00032365633711590086
0.00036413001603403515
0.0005582182793898238
0.00019794574759606317
0.0001393471296450617
0.0002727781110895458
0.0004248258015285538
0.0007313666888369
0.000680880909922902
0.0006499883264002561
0.00026938478612209435
6.532672524703607e-05
1.3499666068525922e-05
4.1821945551526674e-07
4.1821945551526674e-07
4.1821945551526674e-07
4.1821945551526674e-07
4.1821945551526674e-07
4.1821945551526674e-07
4.1821945551526674e-07
4.1821945551526674e-07
4.1821945551526674e-07
4.1821945551526674e-07
4.1821945551526674e-07
4.1821945551526674e-07
4.1821945551526674e-07
4.1821945551526674e-07
4.1821945551526674e-07
4.1821945551526674e-07
4.1821945551526674e-07
4.1821945551526674e-07
4.1821945551526674e-07
4.1821945551526674e-07
4.1821945551526674e-07
4.1821945551526674e-07
4.1821945551526674e-07
4.1821945551526674e-07
4.1821945551526674e-07
4.1821945551526674e-07
4.1821945551526674e-07
4.1821945551526674e-07
4.1821945551526674e-07
4.1821945551526674e-07
4.1821945551526674e-07
4.1821945551526674e-07
4.1821945551526674e-07
2.0521199297108956e-05
4.1821945551526674e-07
4.1821945551526674e-07
4.1821945551526674e-07
4.1821945551526674e-07
4.1821945551526674e-07
4.1821945551526674e-07
4.1821945551526674e-07
4.1821945551526674e-07
4.1821945551526674e-07
4.1821945551526674e-07
4.1821945551526674e-07
4.1821945551526674e-07
4.1821945551526674e-07
4.1821945551526674e-07
4.1821945551526674e-07
4.1821945551526674e-07
4.1821945551526674e-07
4.1821945551526674e-07
4.1821945551526674e-07
4.1821945551526674e-07
0.00016701174896730338
0.000961446847291135
0.002139571173391089
0.004786579161053152
0.003760158882337147
0.0033178329878246187
0.0019669037948331796
0.001221824154191636
0.0014722166571623976
0.001132580157870841
0.0010694058782455772
0.0009755925812878291
0.0008587040512945132
0.0013608055211462968
0.0018643151532579132
0.001598818683788899
0.0015698878756208125
0.0019669037948331796
0.0026713994826009653
0.0024716234564721475
0.0029726968575182616
0.001187667900179414
0.0010490355495979438
0.001132580157870841
0.001379912648281429
0.001814817020973844
0.0028244929282907755
0.0022455610096277457
0.0001329032663872059
2.749000873286707e-05
3.491836899647325e-05
5.397211174822401e-05
0.000169460028946329
0.00027965788675017816
0.00013826050530950476
1.6854952576662474e-06
4.1821945551526674e-07
4.1821945551526674e-07
4.1821945551526674e-07
4.1821945551526674e-07
2.0003396264418724e-05
5.1939255681021757e-05
3.911842671788757e-05
4.1821945551526674e-07
4.1821945551526674e-07
4.1821945551526674e-07
2.9162454700535683e-05
3.911842671788757e-05
8.385352447237871e-07
4.1821945551526674e-07
4.1821945551526674e-07
4.1821945551526674e-07
4.1821945551526674e-07
6.313036111282722e-05
8.408650382495522e-05
7.057673880861431e-05
0.00011955024406565493
0.00032365633711590086
0.0003394118050657009
0.0003946924086154945
0.00028139742255089696
0.00022350420217859162
0.00010420238076200091
0.00023402860621486534
0.00017069273747401294
0.00010420238076200091
8.491598333998565e-05
7.288144023329351e-05
0.00025938796284476434
0.00047731198571059345
0.00024806501272491634
4.1821945551526674e-07
4.1821945551526674e-07
4.1821945551526674e-07
0.00023555983274114556
0.00014709785078284246
0.0001598022438133534
6.905863929706567e-05
2.5409593341837125e-06
4.1821945551526674e-07
4.1821945551526674e-07
4.1821945551526674e-07
4.1821945551526674e-07
4.1821945551526674e-07
4.1821945551526674e-07
4.1821945551526674e-07
4.1821945551526674e-07
4.1821945551526674e-07
4.1821945551526674e-07
4.1821945551526674e-07
4.1821945551526674e-07
4.1821945551526674e-07
1.6854952576662474e-06
4.158370540949312e-05
6.0965559969700685e-05
5.329120576535909e-05
4.283449344976104e-05
0.00017442543432576272
0.0002727781110895458
0.00011365817210826585
0.00048256827308419155
0.0004060770801437846
0.0005885718304898898
0.0007968621736310426
0.0008629677320329522
0.0010490355495979438
0.0011933023417513887
0.0011764682459082204
0.0008758670369851418
0.0009521143654081079
0.0011434169565823187
0.002460925212146792
0.002580902805480485
0.0037136731908849635
0.002947525028008703
0.0028124450867312942
0.0013735177227402026
0.0013048631504227427
0.0006106152079360141
0.00029741286861591893
3.61037590376232e-05
4.1821945551526674e-07
4.1821945551526674e-07
4.1821945551526674e-07
4.1821945551526674e-07
4.1821945551526674e-07
4.1821945551526674e-07
4.1821945551526674e-07
4.1821945551526674e-07
4.1821945551526674e-07
4.1821945551526674e-07
4.1821945551526674e-07
5.9539684819780406e-05
0.0002249870883307202
0.00019254837936965512
0.00014374495584751581
9.518494464757733e-05
4.861621874534112e-05
4.1821945551526674e-07
4.1821945551526674e-07
6.0494664229690885e-06
3.491836899647325e-05
0.00015744354151097024
1.2057306770526347e-05
1.016724434801614e-05
4.730943227540553e-05
0.0002309871053579922
0.00035991763634296624
0.00042721642352334753
0.0006366371509984116
0.000989916526372145
0.0007615990090987066
0.0008977309377083141
0.00018076333501733033
0.00035160500637010464
0.0006267735858813675
0.001216072887755613
0.002482363031708758
0.0032900688943953544
0.0016208233344233265
0.000573230496605312
0.0008977309377083141
0.001105876213862849
0.0007654509217765763
0.0007501410637825599
0.0004517124903135617
0.0004542220473359817
0.00037699513950966535
0.00035991763634296624
0.000702148214832408
0.0017664826348046017
0.0024931440806811476
0.0025476764600078036
0.002345931936117372
0.0017824663261809626
0.0003394118050657009
0.00010145200098041932
1.2057306770526347e-05
4.1821945551526674e-07
4.1821945551526674e-07
4.1821945551526674e-07
4.1821945551526674e-07
4.1821945551526674e-07
4.1821945551526674e-07
4.1821945551526674e-07
4.1821945551526674e-07
4.1821945551526674e-07
4.1821945551526674e-07
4.1821945551526674e-07
4.1821945551526674e-07
4.1821945551526674e-07
4.1821945551526674e-07
4.1821945551526674e-07
4.1821945551526674e-07
4.1821945551526674e-07
4.1821945551526674e-07
4.1821945551526674e-07
4.1821945551526674e-07
4.1821945551526674e-07
4.1821945551526674e-07
4.1821945551526674e-07
4.1821945551526674e-07
4.1821945551526674e-07
4.1821945551526674e-07
9.236195326068331e-06
2.2618135368530962e-05
4.1821945551526674e-07
4.1821945551526674e-07
4.537292195379592e-05
0.00010512791409933538
0.00012663863619487018
0.00019254837936965512
9.606750913543733e-05
0.00018594054607975617
0.0002956010048399243
0.0003454674415668823
0.0002956010048399243
0.00028490023520555223
6.240527475761141e-05
4.0345053192032316e-05
4.1821945551526674e-07
4.1821945551526674e-07
4.1821945551526674e-07
4.1821945551526674e-07
4.1821945551526674e-07
4.1821945551526674e-07
4.1821945551526674e-07
4.1821945551526674e-07
4.1821945551526674e-07
4.1821945551526674e-07
4.1821945551526674e-07
4.1821945551526674e-07
4.1821945551526674e-07
4.1821945551526674e-07
4.1821945551526674e-07
4.666078723463647e-05
0.0002744863654395842
0.0009474773036815275
0.0007276595825308322
0.002102143993834012
0.0019669037948331796
0.0022455610096277457
0.003023616194844175
0.0034888536583252924
0.0011488689510933416
0.0006914462789859401
0.0004695136004138804
0.00041536839553868796
0.00011269231009596723
1.6449485304223922e-05
2.0521199297108956e-05
7.134128251298491e-05
0.0002577482003649342
0.00019254837936965512
0.0002762023910397479
0.0006042488837659213
0.0014654487649789815
0.0014519947175024475
0.0009200588058659779
0.0005611947065115004
0.0005464411068189754
0.00048256827308419155
0.001598818683788899
0.002706057087234796
0.0020290255764019187
0.0011764682459082204
0.0012450663710943638
0.001750625499791944
0.0064238292543240235
0.008479042038826165
0.008287788277416806
0.010156085100450843
0.006944581116478646
0.005250109815062958
0.004578106139546013
0.006274552822020435
0.007218815479340226
0.0073029477531780995
0.005640417972605003
0.007246763033860225
0.007080514254129722
0.00963889665079164
0.012389358500156971
0.010270065200613158
0.013858976664493464
0.014416305945675022
0.010697770952808825
0.0073029477531780995
0.006944581116478646
0.004254422308164316
0.0032351618764110716
0.0021207844027067795
0.0013419299204970976
0.0007539441433465716
0.0008048828978411115
0.0005435286923250356
0.0004393293094757356
0.00037917298689933097
0.00017948396323348096
9.695428540951934e-05
5.0600355984208145e-05
6.755508121727497e-05
1.2609572153005154e-06
2.4756803752592095e-05
4.537292195379592e-05
5.2613592031081934e-05
1.1107585893406713e-05
4.1821945551526674e-07
4.1821945551526674e-07
5.329120576535909e-05
7.134128251298491e-05
6.385895442358655e-05
0.00014153573219890015
0.00026268996787294355
5.15917927094416e-06
1.1107585893406713e-05
4.1821945551526674e-07
4.1821945551526674e-07
4.1821945551526674e-07
4.1821945551526674e-07
4.1821945551526674e-07
4.1821945551526674e-07
4.1821945551526674e-07
4.1821945551526674e-07
4.1821945551526674e-07
4.1821945551526674e-07
4.1821945551526674e-07
4.1821945551526674e-07
4.1821945551526674e-07
4.1821945551526674e-07
4.1821945551526674e-07
4.1821945551526674e-07
4.1821945551526674e-07
4.1821945551526674e-07
4.1821945551526674e-07
4.1821945551526674e-07
4.1821945551526674e-07
4.1821945551526674e-07
4.1821945551526674e-07
4.1821945551526674e-07
4.1821945551526674e-07
4.1821945551526674e-07
4.1821945551526674e-07
4.1821945551526674e-07
4.1821945551526674e-07
4.1821945551526674e-07
1.6854952576662474e-06
4.346447305630869e-05
1.5456462989396356e-05
4.1821945551526674e-07
4.1821945551526674e-07
4.1821945551526674e-07
4.1821945551526674e-07
4.1821945551526674e-07
4.1821945551526674e-07
1.6854952576662474e-06
1.6854952576662474e-06
1.398523749888997e-05
2.4756803752592095e-05
1.4963624729961743e-05
3.085970681754776e-05
8.574943824308297e-05
5.534386022694787e-05
1.016724434801614e-05
4.1821945551526674e-07
4.1821945551526674e-07
4.1821945551526674e-07
4.1821945551526674e-07
4.1821945551526674e-07
4.1821945551526674e-07
4.1821945551526674e-07
0.00019931074202002955
0.0002920017575511931
0.0005377417627940676
0.0006432840144544302
0.0012450663710943638
0.001286666967811144
0.0014057534118719
0.001187667900179414
0.0011543434543623379
0.0015273538706807768
0.0013294735556615524
0.0010389764514375124
0.0008129718320947321
0.0008334960676498367
0.0012509366552643428
0.0016208233344233265
0.002558709374389707
0.00278848665709045
0.0035772796495436945
0.0023664775456735177
0.0019321665013298404
0.0026371375840361514
0.004983418304291585
0.0061525296471235105
0.005551510977130364
0.006225486693596904
0.005398931694367903
0.0034023842833373064
0.0032762647527293776
0.0029853544891412036
0.0022752640787403727
0.002648514499756252
0.0030623145396340592
0.0035624044533169585
0.0032080161995344646
0.0029853544891412036
0.0017824663261809626
0.001268692284931326
0.0014587081515780988
0.0010339781423582028
0.0005493662218883016
0.0002448957347829302
0.0001235720783596293
0.00010054388364771395
8.080798729546087e-05
2.749000873286707e-05
6.459107050735467e-05
4.1821945551526674e-07
4.1821945551526674e-07
8.774128586905785e-06
0.00010793100595410505
0.00016458615465068615
0.00035574273565322127
0.0006010862946793585
0.0008008640424062941
0.0009708576355963556
0.0015343718000682802
0.0010044207236565553
0.0010901166359383653
0.0006670034322742025
0.0004130301013945983
0.00018594054607975617
0.00011173100844669806
5.8127525099462624e-05
0.0002386433864260919
0.00029021430607381046
0.00013503107354289674
0.00010982200617147932
9.518494464757733e-05
0.0002104603129225877
0.00017442543432576272
0.00010982200617147932
6.385895442358655e-05
4.861621874534112e-05
6.459107050735467e-05
0.00014709785078284246
5.603473276198844e-05
0.00010054388364771395
0.00041536839553868796
0.0011764682459082204
0.0008048828978411115
0.0010240436120892652
0.001111172985349564
0.00032365633711590086
0.000169460028946329
0.0005979373486675574
0.007445112471145236
0.012662533035881334
0.009857611200204496
0.006104316665286051
0.004748055660677969
0.0073311854962891726
0.007053139316229207
0.0031945197208638754
0.0038866721399602394
0.0039676606763426716
0.005043863982886897
0.009968613051259316
0.010193953020259513
0.006576267476927634
0.0008544582991248565
0.00029741286861591893
0.00012561162899256146
0.00019658704091714873
0.0002309871053579922
0.00046181736468723316
0.0007276595825308322
0.00016338180356205767
1.4963624729961743e-05
4.1821945551526674e-07
4.1821945551526674e-07
4.1821945551526674e-07
4.1821945551526674e-07
4.1821945551526674e-07
4.1821945551526674e-07
4.1821945551526674e-07
4.1821945551526674e-07
1.016724434801614e-05
7.521960187700902e-05
0.00010699220717677692
0.0004368852841053776
0.0008460203056030955
0.0024396521470343145
0.0014654487649789815
0.0014790119279027001
0.004943481619378195
0.005003494549262657
0.004690789790075773
0.005640417972605003
0.006837515874981506
0.008256288872701979
0.00761896314999682
0.005064157628781635
0.0045410861370690616
0.0033458059853846097
0.0014995630139813336
0.00038355789034384675
0.0005916801702416853
0.0008460203056030955
0.001268692284931326
0.0011543434543623379
0.0011379873867694828
0.0014926850057415204
0.002047090722668239
0.0023255449252111257
0.003474307268425031
0.0029600870909300995
0.003822948066157415
0.0025476764600078036
0.001292707629431915
0.000663571115945747
0.0006399534299313105
0.0003394118050657009
0.00019388838349799424
0.00010145200098041932
4.1821945551526674e-07
4.1821945551526674e-07
4.1821945551526674e-07
4.1821945551526674e-07
4.1821945551526674e-07
4.1821945551526674e-07
4.1821945551526674e-07
4.1821945551526674e-07
4.1821945551526674e-07
4.1821945551526674e-07
4.1821945551526674e-07
4.1821945551526674e-07
4.1821945551526674e-07
4.1821945551526674e-07
4.1821945551526674e-07
4.1821945551526674e-07
4.1821945551526674e-07
4.1821945551526674e-07
4.1821945551526674e-07
4.1821945551526674e-07
4.1821945551526674e-07
4.1821945551526674e-07
4.1821945551526674e-07
4.1821945551526674e-07
4.1821945551526674e-07
4.1821945551526674e-07
4.1821945551526674e-07
4.1821945551526674e-07
4.1821945551526674e-07
4.1821945551526674e-07
4.1821945551526674e-07
4.1821945551526674e-07
4.1821945551526674e-07
7.856857206639839e-06
4.283449344976104e-05
8.658688627788707e-05
9.518494464757733e-05
5.8127525099462624e-05
0.0002956010048399243
0.00016338180356205767
0.0002448957347829302
0.00032754228984960423
0.00046693689962801937
0.0005762722244460322
0.0008211295054639289
0.000663571115945747
0.0006670034322742025
0.00123922006762104
0.0015484926346175038
0.0009066059107993605
0.0011006012863365347
0.0006267735858813675
0.0010290005552960541
0.000781023257093373
0.0005095521198254942
0.0004905396802356355
0.0003748269751917197
0.0003662503572543451
0.0001297488399264648
9.784529217673233e-05
9.343237658118814e-05
8.774128586905785e-06
2.5409593341837125e-06
4.1821945551526674e-07
4.1821945551526674e-07
5.603214164861691e-06
4.1821945551526674e-07
4.1821945551526674e-07
4.1821945551526674e-07
4.1821945551526674e-07
4.1821945551526674e-07
4.1821945551526674e-07
4.1821945551526674e-07
4.1821945551526674e-07
0.0003434398430102302
0.000942859596226299
0.001268692284931326
0.0018895084707577679
0.0017985774832454263
0.0010490355495979438
0.0005885718304898898
0.0002831448609834668
0.00029741286861591893
0.00045674268208358595
0.0007276595825308322
0.00028139742255089696
0.00017193119130851287
3.61037590376232e-05
4.1821945551526674e-07
4.1821945551526674e-07
4.1821945551526674e-07
4.601528854671915e-05
0.0002956010048399243
0.0004643715029189002
0.00035160500637010464
0.0001393471296450617
5.2613592031081934e-05
7.134128251298491e-05
0.00012663863619487018
0.0002610352081605856
0.00035782552040111097
0.00042007616762730306
0.0002744863654395842
0.00042721642352334753
0.0010290005552960541
0.0012987729931373108
0.0012275990476002978
0.001210345160578955
0.002603267349985465
0.004168217820359609
0.005442138769660085
0.004786579161053152
0.005529480766246566
0.004083577404007167
0.003760158882337147
0.003822948066157415
0.00235618484719601
0.002460925212146792
0.004844888211290228
0.0046341419099830685
0.008224896123067472
0.006299215103217461
0.004359968156507519
0.004134175380177595
0.0031277941456224197
0.0022952593816588356
0.0028731454489136637
0.0021207844027067795
0.001210345160578955
0.000520680561339854
0.0001276704928846307
4.1821945551526674e-07
4.1821945551526674e-07
4.1821945551526674e-07
5.1939255681021757e-05
4.993576321616549e-05
5.8127525099462624e-05
4.1821945551526674e-07
4.1821945551526674e-07
4.1821945551526674e-07
4.1821945551526674e-07
4.1821945551526674e-07
4.1821945551526674e-07
4.1821945551526674e-07
4.1821945551526674e-07
4.1821945551526674e-07
4.1821945551526674e-07
4.1821945551526674e-07
4.1821945551526674e-07
4.1821945551526674e-07
4.1821945551526674e-07
4.1821945551526674e-07
4.1821945551526674e-07
4.1821945551526674e-07
4.1821945551526674e-07
4.1821945551526674e-07
4.1821945551526674e-07
4.1821945551526674e-07
4.1821945551526674e-07
4.1821945551526674e-07
4.1821945551526674e-07
4.1821945551526674e-07
4.1821945551526674e-07
4.1821945551526674e-07
4.1821945551526674e-07
4.1821945551526674e-07
4.1821945551526674e-07
4.1821945551526674e-07
4.1821945551526674e-07
4.1821945551526674e-07
4.1821945551526674e-07
4.1821945551526674e-07
4.1821945551526674e-07
4.1821945551526674e-07
4.1821945551526674e-07
4.1821945551526674e-07
4.1821945551526674e-07
3.911842671788757e-05
4.1821945551526674e-07
3.5509614705562055e-05
3.911842671788757e-05
2.9162454700535683e-05
1.2535711790445848e-05
4.1821945551526674e-07
1.0636248147226564e-05
2.860223332022215e-05
4.1821945551526674e-07
4.1821945551526674e-07
4.1821945551526674e-07
4.1821945551526674e-07
4.1821945551526674e-07
4.1821945551526674e-07
4.1821945551526674e-07
4.1821945551526674e-07
4.1821945551526674e-07
4.1821945551526674e-07
4.1821945551526674e-07
4.1821945551526674e-07
4.346447305630869e-05
5.883189825385341e-05
2.9719053644181457e-06
3.2582108786105586e-05
1.7957554246278875e-05
7.288144023329351e-05
2.8044755520704956e-05
5.0600355984208145e-05
0.0001516422465441735
0.0003454674415668823
0.0006704505116466833
0.0008587040512945132
0.0009336819500010559
0.001256831009283534
0.0010191072348358014
0.002111445967228366
0.002408048984726452
0.0021968199958897934
0.0020652981691893623
0.0014386489910780133
0.0012806509170751551
0.0010849067501271328
0.0009947311293911074
0.0007968621736310426
0.0012450663710943638
0.0017824663261809626
0.0011933023417513887
0.0011271951863774507
0.0017192872896510238
0.001665633348461932
0.0019494667108922695
0.0016208233344233265
0.0007539441433465716
0.0001329032663872059
1.4963624729961743e-05
5.9539684819780406e-05
0.00019794574759606317
0.0001276704928846307
6.755508121727497e-05
4.861621874534112e-05
3.790371682666185e-05
0.00013826050530950476
0.000169460028946329
0.00035160500637010464
0.002111445967228366
0.00311459921530487
0.006032629573023421
0.004202510508154393
0.006784537515717246
0.003902750673720224
0.0034453768174750503
0.004690789790075773
0.0057079305489756834
0.0031676786338159586
0.0006333351213711274
0.00013610249935865063
4.1821945551526674e-07
4.1821945551526674e-07
4.1821945551526674e-07
4.1821945551526674e-07
4.1821945551526674e-07
4.1821945551526674e-07
4.1821945551526674e-07
4.1821945551526674e-07
4.1821945551526674e-07
4.1821945551526674e-07
4.1821945551526674e-07
4.1821945551526674e-07
4.1821945551526674e-07
4.1821945551526674e-07
4.1821945551526674e-07
4.1821945551526674e-07
4.1821945551526674e-07
4.1821945551526674e-07
4.1821945551526674e-07
4.1821945551526674e-07
4.1821945551526674e-07
4.1821945551526674e-07
4.1821945551526674e-07
4.1821945551526674e-07
4.601528854671915e-05
0.00011077424712389733
0.00026435227366281293
0.0003028978309597897
0.0001872499086963001
0.00048521376522037526
0.001009295867875269
0.001984478726186092
0.0023664775456735177
0.0012806509170751551
0.0017824663261809626
0.0016580901562959934
0.0011164916829414606
0.0005854769191362672
0.0003314633237433007
0.0003374112910335575
0.0001621830508161896
0.00033343708727926277
4.796123798652165e-05
4.1821945551526674e-07
4.1821945551526674e-07
1.1107585893406713e-05
8.326098202658756e-05
4.1821945551526674e-07
3.670081527016355e-05
5.397211174822401e-05
4.096286922450232e-05
8.162174125383187e-05
0.00040838448570574925
0.00037917298689933097
0.00028843492427793436
0.0001516422465441735
6.755508121727497e-05
0.00014485735688594262
0.00017442543432576272
0.001210345160578955
0.001221824154191636
0.0011709028614675493
0.0007501410637825599
0.0005523040883263442
0.0008544582991248565
0.0007463541357962739
0.003036466909553781
0.004395666463988848
0.005104963926303597
0.004066834791828201
0.0036524908640808737
0.0036071965376023056
0.003518109665249917
0.00411724749795121
0.006449014494575834
0.00894066123802762
0.009531165294286251
0.011945645819064732
0.010737426081278957
0.010462557603707626
0.01038517966287051
0.011100233133311236
0.011815305553728974
0.012754768152018781
0.013177221757724856
0.010897353990519618
0.010697770952808825
0.008806541449961727
0.004578106139546013
0.0032488114157565753
0.002897750601766622
0.0015555957460850081
0.0018394190568042593
0.0016208233344233265
0.0010953481208964627
0.0009382611694484275
0.0007463541357962739
0.0005523040883263442
0.0004060770801437846
0.0005320050305573733
0.00030106124730696775
0.0003946924086154945
0.00038355789034384675
0.00026938478612209435
5.672895762444332e-05
4.1821945551526674e-07
4.537292195379592e-05
9.96400723984018e-05
8.912336769799859e-05
0.0003394118050657009
0.0004986165862316802
0.0005793271690282299
0.0005377417627940676
0.00048256827308419155
0.00039694916673886784
0.00035782552040111097
0.0004393293094757356
0.00036413001603403515
0.00013396466984619265
0.0001276704928846307
0.0002020597020269302
0.00010605784974451842
9.606750913543733e-05
3.85095889862212e-05
1.4963624729961743e-05
4.1821945551526674e-07
4.1821945551526674e-07
3.491836899647325e-05
4.927438898930533e-05
3.1431029280470095e-05
2.104156285420814e-05
4.717351414020623e-06
3.1431029280470095e-05
5.672895762444332e-05
0.00020483413783674347
0.00010512791409933538
0.0001393471296450617
0.00018076333501733033
8.658688627788707e-05
3.61037590376232e-05
4.861621874534112e-05
8.326098202658756e-05
9.430657331474499e-05
5.397211174822401e-05
3.730079673663818e-05
4.1821945551526674e-07
4.1821945551526674e-07
4.1821945551526674e-07
4.1821945551526674e-07
4.1821945551526674e-07
4.1821945551526674e-07
4.1821945551526674e-07
4.1821945551526674e-07
4.1821945551526674e-07
4.1821945551526674e-07
4.1821945551526674e-07
4.1821945551526674e-07
4.1821945551526674e-07
4.1821945551526674e-07
4.1821945551526674e-07
4.1821945551526674e-07
4.1821945551526674e-07
4.1821945551526674e-07
3.840275724441357e-06
1.1107585893406713e-05
5.0600355984208145e-05
0.0005885718304898898
0.0009110714127946506
0.0010490355495979438
0.0017427441082966187
0.001598818683788899
0.0019756739685359934
0.0017744586042466746
0.0010240436120892652
0.0008418279273899678
0.0007129883302216486
0.0005291553633535824
0.00013826050530950476
4.409752831835428e-05
4.1821945551526674e-07
4.1821945551526674e-07
4.1821945551526674e-07
4.1821945551526674e-07
4.1821945551526674e-07
3.840275724441357e-06
9.784529217673233e-05
0.0001562724199942784
0.0001276704928846307
7.600650273037106e-05
0.00014709785078284246
0.00012870722034053693
0.00017193119130851287
0.00013717896926209862
0.00031409303892000344
0.00028666357850053626
0.0001235720783596293
0.0001307953730917737
0.0003683801846117332
0.0005979373486675574
0.0009291218647837759
0.0008502304067433799
0.000694998337551608
0.0005150920331559348
0.0003414213099737274
0.0002744863654395842
0.00026435227366281293
0.0002660221573319983
0.00029021430607381046
0.00012155167244851496
4.1821945551526674e-07
5.8127525099462624e-05
7.999812108526679e-05
8.912336769799859e-05
7.443646904807915e-05
7.365708741880272e-05
0.0001516422465441735
0.00011855659456442669
2.0521199297108956e-05
4.1821945551526674e-07
4.1821945551526674e-07
4.1821945551526674e-07
4.1821945551526674e-07
4.1821945551526674e-07
4.1821945551526674e-07
4.1821945551526674e-07
4.1821945551526674e-07
4.1821945551526674e-07
4.1821945551526674e-07
4.1821945551526674e-07
4.1821945551526674e-07
4.1821945551526674e-07
4.1821945551526674e-07
4.1821945551526674e-07
4.1821945551526674e-07
4.1821945551526674e-07
4.1821945551526674e-07
4.1821945551526674e-07
4.1821945551526674e-07
4.1821945551526674e-07
4.1821945551526674e-07
4.1821945551526674e-07
4.1821945551526674e-07
4.1821945551526674e-07
2.9719053644181457e-06
1.7452377923443016e-05
2.2618135368530962e-05
1.0636248147226564e-05
4.1821945551526674e-07
1.5951746064151342e-05
2.209001896969392e-05
4.1821945551526674e-07
9.236195326068331e-06
4.1821945551526674e-07
4.1821945551526674e-07
4.1821945551526674e-07
4.1821945551526674e-07
4.1821945551526674e-07
4.1821945551526674e-07
4.1821945551526674e-07
4.1821945551526674e-07
4.1821945551526674e-07
4.1821945551526674e-07
4.1821945551526674e-07
4.1821945551526674e-07
4.1821945551526674e-07
4.1821945551526674e-07
4.1821945551526674e-07
4.1821945551526674e-07
4.1821945551526674e-07
4.1821945551526674e-07
4.1821945551526674e-07
3.374452061566211e-05
1.2609572153005154e-06
4.1821945551526674e-07
4.1821945551526674e-07
8.385352447237871e-07
5.1939255681021757e-05
0.0005979373486675574
0.0002294767719938451
0.0001598022438133534
0.00010699220717677692
4.473367325742414e-05
4.861621874534112e-05
0.00019931074202002955
0.0010141913458926821
0.0015064688030622597
0.002225950654857857
0.0029853544891412036
0.0036829685662954485
0.00353281964308739
0.0038546924760534894
0.0035034543972150773
0.0026713994826009653
0.0024502681563288702
0.0017744586042466746
0.0010591784802942783
0.00035991763634296624
0.0007057461532181393
0.0011653603247968223
0.0011653603247968223
0.001216072887755613
0.0016134590444200152
0.0008211295054639289
0.00034750414317488595
0.0002386433864260919
0.00048256827308419155
0.0004643715029189002
0.0004905396802356355
0.0003683801846117332
0.000694998337551608
0.0005493662218883016
0.00029021430607381046
9.874054821997341e-05
0.00014822598926857454
4.993576321616549e-05
8.491598333998565e-05
8.080798729546087e-05
7.838998272353152e-05
0.00010699220717677692
9.430657331474499e-05
6.606593459121625e-05
6.313036111282722e-05
9.169643306447382e-05
4.1821945551526674e-07
1.1107585893406713e-05
1.7452377923443016e-05
5.1939255681021757e-05
4.666078723463647e-05
0.0001621830508161896
0.0002577482003649342
4.1821945551526674e-07
4.1821945551526674e-07
4.1821945551526674e-07
4.1821945551526674e-07
4.1821945551526674e-07
4.1821945551526674e-07
4.1821945551526674e-07
4.1821945551526674e-07
4.1821945551526674e-07
4.1821945551526674e-07
4.1821945551526674e-07
4.1821945551526674e-07
4.1821945551526674e-07
4.1821945551526674e-07
4.1821945551526674e-07
4.1821945551526674e-07
4.1821945551526674e-07
4.1821945551526674e-07
4.1821945551526674e-07
4.1821945551526674e-07
4.1821945551526674e-07
2.104156285420814e-05
4.1821945551526674e-07
4.1821945551526674e-07
4.1821945551526674e-07
1.9488141962042586e-05
9.96400723984018e-05
0.0001820486535206696
0.0002020597020269302
0.0005464411068189754
0.0006985656295900247
0.0005854769191362672
0.0003414213099737274
0.00013826050530950476
0.00017442543432576272
0.0001621830508161896
0.00017821051264611893
0.00012458945008389163
3.085970681754776e-05
4.1821945551526674e-07
4.1821945551526674e-07
4.1821945551526674e-07
4.1821945551526674e-07
1.1581268460831754e-05
3.973024358103057e-05
2.860223332022215e-05
4.1821945551526674e-07
6.240527475761141e-05
0.000169460028946329
0.00027965788675017816
0.0008672494103550535
0.0014188317780883927
0.0016732067359430047
0.002345931936117372
0.004100381572728196
0.0026713994826009653
0.002897750601766622
0.0022455610096277457
0.0017824663261809626
0.0016208233344233265
0.0023975957500464175
0.0013232833031632373
0.0007693192390129263
0.000694998337551608
0.000653362167384441
0.0005348671470728068
0.00021909616434388082
0.00011365817210826585
0.00013826050530950476
0.00031789255186428415
0.00028490023520555223
0.0001329032663872059
4.1821945551526674e-07
4.1821945551526674e-07
4.1821945551526674e-07
4.1821945551526674e-07
2.5842029542925826e-05
3.730079673663818e-05
3.4330008688587323e-05
4.1821945551526674e-07
4.1821945551526674e-07
4.1821945551526674e-07
4.1821945551526674e-07
0.0003028978309597897
0.00021331249449299235
0.00017193119130851287
0.00031789255186428415
0.00045674268208358595
0.0005611947065115004
0.0006106152079360141
0.0014519947175024475
0.001256831009283534
0.0015203641295567913
0.0016134590444200152
0.0013608055211462968
0.0010591784802942783
0.0009110714127946506
0.0008129718320947321
0.0010953481208964627
0.0008802031245002676
0.0006704505116466833
0.0006399534299313105
0.0008460203056030955
0.0010141913458926821
0.0005979373486675574
0.0003857650264925249
0.00029741286861591893
0.0004060770801437846
0.0007968621736310426
0.0007129883302216486
0.0007968621736310426
0.0011434169565823187
0.0008252342856446661
0.0014453083636109644
0.002102143993834012
0.001386333584095733
0.001216072887755613
0.001187667900179414
0.0008334960676498367
0.0011598405507256297
0.0009995658363664576
0.0007968621736310426
0.0004959124833426329
0.0005263180957454422
0.0006300472849622466
0.0005885718304898898
0.00040838448570574925
0.0004368852841053776
0.0003902088689886811
0.0008008640424062941
0.000989916526372145
0.0016580901562959934
0.0016356406669186584
0.0013992538697137854
0.0011820565635687714
0.0009066059107993605
0.0003217264255398145
0.0002610352081605856
0.0002727781110895458
0.00046693689962801937
0.0001235720783596293
4.1821945551526674e-07
4.1821945551526674e-07
4.1821945551526674e-07
4.1821945551526674e-07
4.1821945551526674e-07
1.4473219984252543e-05
4.158370540949312e-05
2.1564498780108763e-05
4.1821945551526674e-07
4.1821945551526674e-07
4.1821945551526674e-07
4.1821945551526674e-07
4.1821945551526674e-07
4.1821945551526674e-07
4.1821945551526674e-07
4.1821945551526674e-07
4.1821945551526674e-07
4.1821945551526674e-07
4.1821945551526674e-07
4.1821945551526674e-07
4.1821945551526674e-07
4.1821945551526674e-07
4.1821945551526674e-07
4.1821945551526674e-07
4.1821945551526674e-07
4.1821945551526674e-07
4.1821945551526674e-07
4.1821945551526674e-07
4.1821945551526674e-07
4.1821945551526674e-07
4.1821945551526674e-07
4.1821945551526674e-07
4.1821945551526674e-07
4.1821945551526674e-07
4.1821945551526674e-07
4.1821945551526674e-07
4.1821945551526674e-07
4.1821945551526674e-07
4.1821945551526674e-07
4.1821945551526674e-07
4.1821945551526674e-07
4.1821945551526674e-07
4.1821945551526674e-07
4.1821945551526674e-07
4.1821945551526674e-07
2.0003396264418724e-05
5.883189825385341e-05
4.0345053192032316e-05
3.3161891666773284e-05
3.4330008688587323e-05
7.679718850208893e-05
7.999812108526679e-05
2.5842029542925826e-05
3.491836899647325e-05
3.840275724441357e-06
2.3682204830817788e-05
3.840275724441357e-06
9.96400723984018e-05
0.0002294767719938451
0.0002956010048399243
0.00028490023520555223
0.00033541973076333656
0.0003902088689886811
0.00047210165104128615
0.0014122793490134221
0.0007732040245997502
0.0004905396802356355
0.0005493662218883016
0.000792877225945585
0.001286666967811144
0.0013232833031632373
0.001132580157870841
0.000646628961050359
0.0002992329380035534
9.695428540951934e-05
2.749000873286707e-05
1.0636248147226564e-05
4.1821945551526674e-07
4.1821945551526674e-07
1.6854952576662474e-06
4.993576321616549e-05
0.0001621830508161896
0.00011269231009596723
0.00014043886450120028
0.0002076342680384362
0.0003748269751917197
0.0007129883302216486
0.0007202926443020933
0.0004799343621142991
0.0005885718304898898
0.00019794574759606317
4.1821945551526674e-07
4.1821945551526674e-07
4.1821945551526674e-07
4.1821945551526674e-07
4.1821945551526674e-07
4.1821945551526674e-07
4.1821945551526674e-07
4.1821945551526674e-07
4.1821945551526674e-07
4.1821945551526674e-07
4.1821945551526674e-07
4.1821945551526674e-07
4.1821945551526674e-07
4.1821945551526674e-07
4.1821945551526674e-07
4.1821945551526674e-07
4.1821945551526674e-07
4.1821945551526674e-07
4.1821945551526674e-07
4.1821945551526674e-07
4.1821945551526674e-07
4.1821945551526674e-07
4.1821945551526674e-07
4.1821945551526674e-07
4.1821945551526674e-07
4.1821945551526674e-07
0.016381035309930944
0.018005553270569855
0.03703822849404865
0.03217519717774409
0.024650811664706753
0.02258507788816991
0.02814982684644937
0.0003924456563210816
0.0001820486535206696
7.521960187700902e-05
0.00022202810530335486
9.784529217673233e-05
0.0003294984034547105
0.0010745514519462358
0.00033343708727926277
0.00035782552040111097
0.0005406289277940763
9.700563668069177e-06
4.1821945551526674e-07
4.1821945551526674e-07
4.1821945551526674e-07
4.1821945551526674e-07
4.1821945551526674e-07
4.1821945551526674e-07
4.1821945551526674e-07
4.1821945551526674e-07
4.1821945551526674e-07
4.1821945551526674e-07
4.1821945551526674e-07
4.1821945551526674e-07
4.1821945551526674e-07
4.1821945551526674e-07
4.1821945551526674e-07
4.1821945551526674e-07
4.1821945551526674e-07
4.1821945551526674e-07
4.1821945551526674e-07
4.1821945551526674e-07
4.1821945551526674e-07
4.1821945551526674e-07
4.1821945551526674e-07
4.1821945551526674e-07
4.1821945551526674e-07
4.1821945551526674e-07
4.1821945551526674e-07
4.1821945551526674e-07
4.1821945551526674e-07
4.1821945551526674e-07
4.1821945551526674e-07
4.1821945551526674e-07
4.1821945551526674e-07
4.1821945551526674e-07
4.1821945551526674e-07
4.1821945551526674e-07
4.1821945551526674e-07
4.1821945551526674e-07
4.1821945551526674e-07
4.1821945551526674e-07
4.1821945551526674e-07
4.1821945551526674e-07
4.1821945551526674e-07
4.1821945551526674e-07
4.1821945551526674e-07
4.1821945551526674e-07
4.1821945551526674e-07
4.1821945551526674e-07
4.1821945551526674e-07
4.1821945551526674e-07
4.1821945551526674e-07
4.1821945551526674e-07
4.1821945551526674e-07
4.1821945551526674e-07
4.1821945551526674e-07
4.1821945551526674e-07
4.1821945551526674e-07
4.1821945551526674e-07
4.1821945551526674e-07
4.1821945551526674e-07
4.1821945551526674e-07
4.1821945551526674e-07
3.0291178746524636e-05
0.00012870722034053693
0.000742583296686175
0.0015064688030622597
0.0017664826348046017
0.0021968199958897934
0.002002192483946326
0.001379912648281429
0.0010953481208964627
0.0017427441082966187
0.0010389764514375124
0.0008252342856446661
0.0005762722244460322
0.0006074251700725178
0.0008170420431812172
0.0008889301977246149
0.0005979373486675574
0.0007388284839669272
0.000680880909922902
0.0006670034322742025
0.0003662503572543451
0.0002727781110895458
0.00014822598926857454
8.326098202658756e-05
4.861621874534112e-05
4.1821945551526674e-07
4.1821945551526674e-07
4.1821945551526674e-07
4.1821945551526674e-07
4.1821945551526674e-07
4.1821945551526674e-07
4.1821945551526674e-07
4.1821945551526674e-07
4.1821945551526674e-07
4.1821945551526674e-07
4.1821945551526674e-07
4.1821945551526674e-07
4.1821945551526674e-07
4.1821945551526674e-07
4.1821945551526674e-07
4.1821945551526674e-07
4.1821945551526674e-07
4.1821945551526674e-07
4.1821945551526674e-07
4.1821945551526674e-07
4.1821945551526674e-07
4.1821945551526674e-07
4.1821945551526674e-07
4.1821945551526674e-07
4.1821945551526674e-07
4.1821945551526674e-07
4.1821945551526674e-07
4.1821945551526674e-07
4.1821945551526674e-07
4.1821945551526674e-07
4.1821945551526674e-07
4.1821945551526674e-07
4.1821945551526674e-07
4.1821945551526674e-07
4.1821945551526674e-07
4.1821945551526674e-07
4.1821945551526674e-07
4.1821945551526674e-07
4.1821945551526674e-07
4.1821945551526674e-07
4.1821945551526674e-07
4.1821945551526674e-07
4.1821945551526674e-07
4.1821945551526674e-07
4.1821945551526674e-07
4.1821945551526674e-07
4.1821945551526674e-07
4.1821945551526674e-07
4.1821945551526674e-07
4.1821945551526674e-07
4.1821945551526674e-07
4.1821945551526674e-07
4.1821945551526674e-07
4.1821945551526674e-07
4.1821945551526674e-07
4.1821945551526674e-07
4.1821945551526674e-07
4.1821945551526674e-07
4.1821945551526674e-07
4.1821945551526674e-07
4.1821945551526674e-07
1.9488141962042586e-05
0.00014153573219890015
0.0002448957347829302
0.0002118831226795302
0.00017069273747401294
4.2207575535716617e-05
5.603473276198844e-05
0.00011173100844669806
0.0003454674415668823
0.0001598022438133534
0.0001562724199942784
0.00010054388364771395
0.0005979373486675574
0.00047731198571059345
7.210951080430608e-05
1.1107585893406713e-05
4.1821945551526674e-07
4.1821945551526674e-07
4.1821945551526674e-07
4.1821945551526674e-07
1.0636248147226564e-05
4.993576321616549e-05
6.168367960567218e-05
6.680871455440406e-05
1.3499666068525922e-05
1.846523262218758e-05
4.158370540949312e-05
2.9719053644181457e-06
2.8044755520704956e-05
3.730079673663818e-05
4.1821945551526674e-07
4.1821945551526674e-07
4.1821945551526674e-07
4.1821945551526674e-07
4.1821945551526674e-07
4.1821945551526674e-07
4.1821945551526674e-07
4.1821945551526674e-07
4.1821945551526674e-07
4.1821945551526674e-07
4.1821945551526674e-07
4.1821945551526674e-07
4.1821945551526674e-07
4.1821945551526674e-07
4.1821945551526674e-07
4.1821945551526674e-07
4.1821945551526674e-07
4.1821945551526674e-07
4.1821945551526674e-07
4.1821945551526674e-07
4.1821945551526674e-07
4.1821945551526674e-07
4.1821945551526674e-07
4.1821945551526674e-07
4.1821945551526674e-07
4.1821945551526674e-07
4.1821945551526674e-07
4.1821945551526674e-07
4.1821945551526674e-07
4.1821945551526674e-07
4.1821945551526674e-07
4.1821945551526674e-07
4.1821945551526674e-07
4.1821945551526674e-07
4.1821945551526674e-07
4.1821945551526674e-07
4.1821945551526674e-07
4.1821945551526674e-07
4.1821945551526674e-07
4.1821945551526674e-07
4.1821945551526674e-07
3.374452061566211e-05
1.6854952576662474e-06
4.1821945551526674e-07
4.1821945551526674e-07
4.1821945551526674e-07
4.1821945551526674e-07
4.1821945551526674e-07
8.742834526053635e-05
0.0002920017575511931
0.00013503107354289674
0.0002020597020269302
0.00013610249935865063
0.00017821051264611893
0.0003028978309597897
0.00029021430607381046
0.00029021430607381046
0.0003394118050657009
0.0001609898722544984
8.080798729546087e-05
3.4330008688587323e-05
4.1821945551526674e-07
4.1821945551526674e-07
4.1821945551526674e-07
4.1821945551526674e-07
4.277720311343643e-06
4.1821945551526674e-07
4.1821945551526674e-07
6.497946417084116e-06
2.421818204057534e-05
4.1821945551526674e-07
4.1821945551526674e-07
4.1821945551526674e-07
4.1821945551526674e-07
4.1821945551526674e-07
4.1821945551526674e-07
4.1821945551526674e-07
4.1821945551526674e-07
4.1821945551526674e-07
4.1821945551526674e-07
4.1821945551526674e-07
4.1821945551526674e-07
4.1821945551526674e-07
4.1821945551526674e-07
4.1821945551526674e-07
4.1821945551526674e-07
4.1821945551526674e-07
4.1821945551526674e-07
4.1821945551526674e-07
4.1821945551526674e-07
4.1821945551526674e-07
4.1821945551526674e-07
4.1821945551526674e-07
4.1821945551526674e-07
4.1821945551526674e-07
4.1821945551526674e-07
4.1821945551526674e-07
4.1821945551526674e-07
4.1821945551526674e-07
4.1821945551526674e-07
4.1821945551526674e-07
4.1821945551526674e-07
1.398523749888997e-05
4.1821945551526674e-07
4.1821945551526674e-07
6.497946417084116e-06
5.0600355984208145e-05
0.0007849578326866455
0.0010240436120892652
0.0014386489910780133
0.0021871852132458844
0.0019494667108922695
0.0013544880551919598
0.000961446847291135
0.0003748269751917197
0.0004878708852915705
0.0002779262205489508
0.00023555983274114556
0.0002992329380035534
0.0002956010048399243
0.00040149286469402443
0.0004224457305175551
0.0005885718304898898
0.0011218323890546786
0.000985121951206015
0.0010141913458926821
0.0014858346772921081
0.0022752640787403727
0.0030623145396340592
0.0014057534118719
0.0013927806258988212
0.0032900688943953544
0.008008107082104931
0.007916766324608868
0.007387953200404283
0.011389889786547116
0.005961695148107732
0.004943481619378195
0.00411724749795121
0.0015842952420718158
0.001187667900179414
0.001054096496307939
0.0024290770426978556
0.0028365867287181838
0.0019150021990455679
0.0011271951863774507
0.0005291553633535824
0.00031789255186428415
0.00018076333501733033
9.169643306447382e-05
0.00011955024406565493
0.00019254837936965512
0.0002020597020269302
0.00033343708727926277
0.0005095521198254942
0.00013826050530950476
0.00014485735688594262
1.897542464599091e-05
3.085970681754776e-05
0.00012663863619487018
0.0004224457305175551
0.0025476764600078036
0.0031676786338159586
0.006225486693596904
0.00699867247156005
0.0018476849267502124
0.0005885718304898898
0.0005493662218883016
0.0004959124833426329
0.0007771053425490303
0.0005291553633535824
7.210951080430608e-05
4.1821945551526674e-07
4.1821945551526674e-07
4.1821945551526674e-07
4.1821945551526674e-07
4.1821945551526674e-07
4.1821945551526674e-07
4.1821945551526674e-07
4.1821945551526674e-07
4.1821945551526674e-07
4.1821945551526674e-07
4.1821945551526674e-07
4.1821945551526674e-07
4.1821945551526674e-07
4.1821945551526674e-07
4.1821945551526674e-07
4.1821945551526674e-07
4.1821945551526674e-07
4.1821945551526674e-07
4.1821945551526674e-07
7.288144023329351e-05
0.00010236444348611713
0.0003857650264925249
0.0008008640424062941
0.0005291553633535824
0.0003902088689886811
0.0007129883302216486
0.002002192483946326
0.0018895084707577679
0.0025366858851971295
0.0024716234564721475
0.002255423560616552
0.0017664826348046017
0.001711530429580453
0.002002192483946326
0.0033739892827222193
0.005420496772491044
0.004903831163202014
0.005799069782198611
0.004504333871982043
0.002503966746635501
0.0015414180203839048
0.0011653603247968223
0.00047210165104128615
0.00037917298689933097
0.0004878708852915705
0.0004932201971600888
0.00019388838349799424
0.00026435227366281293
0.00035782552040111097
2.8044755520704956e-05
4.1821945551526674e-07
4.1821945551526674e-07
4.1821945551526674e-07
4.1821945551526674e-07
4.1821945551526674e-07
4.1821945551526674e-07
4.1821945551526674e-07
4.1821945551526674e-07
4.1821945551526674e-07
4.1821945551526674e-07
4.1821945551526674e-07
4.1821945551526674e-07
4.1821945551526674e-07
4.1821945551526674e-07
4.1821945551526674e-07
4.1821945551526674e-07
4.1821945551526674e-07
4.1821945551526674e-07
4.1821945551526674e-07
4.1821945551526674e-07
4.1821945551526674e-07
4.1821945551526674e-07
4.1821945551526674e-07
4.1821945551526674e-07
4.1821945551526674e-07
4.1821945551526674e-07
4.1821945551526674e-07
4.1821945551526674e-07
4.1821945551526674e-07
4.1821945551526674e-07
4.1821945551526674e-07
4.1821945551526674e-07
4.1821945551526674e-07
4.1821945551526674e-07
4.1821945551526674e-07
4.1821945551526674e-07
4.1821945551526674e-07
4.1821945551526674e-07
4.1821945551526674e-07
4.1821945551526674e-07
4.1821945551526674e-07
4.1821945551526674e-07
4.1821945551526674e-07
4.1821945551526674e-07
4.1821945551526674e-07
4.1821945551526674e-07
4.1821945551526674e-07
4.1821945551526674e-07
4.1821945551526674e-07
4.1821945551526674e-07
4.1821945551526674e-07
4.1821945551526674e-07
4.1821945551526674e-07
4.1821945551526674e-07
4.1821945551526674e-07
4.1821945551526674e-07
3.200515897274475e-05
3.5509614705562055e-05
4.1821945551526674e-07
4.1821945551526674e-07
4.1821945551526674e-07
4.1821945551526674e-07
4.1821945551526674e-07
4.1821945551526674e-07
4.1821945551526674e-07
4.1821945551526674e-07
4.1821945551526674e-07
4.1821945551526674e-07
4.1821945551526674e-07
4.1821945551526674e-07
4.1821945551526674e-07
4.1821945551526674e-07
4.1821945551526674e-07
4.1821945551526674e-07
4.1821945551526674e-07
4.277720311343643e-06
7.401631324762366e-06
4.1821945551526674e-07
7.210951080430608e-05
5.603473276198844e-05
0.00011173100844669806
0.00014709785078284246
0.00028490023520555223
0.0003047427235255585
0.00011658332190212555
8.912336769799859e-05
7.759167615548442e-05
0.00010699220717677692
8.162174125383187e-05
0.0003748269751917197
0.0003314633237433007
0.0003434398430102302
4.1821945551526674e-07
4.1821945551526674e-07
4.1821945551526674e-07
4.1821945551526674e-07
4.1821945551526674e-07
4.1821945551526674e-07
4.1821945551526674e-07
4.1821945551526674e-07
4.1821945551526674e-07
4.1821945551526674e-07
4.1821945551526674e-07
4.1821945551526674e-07
4.1821945551526674e-07
4.1821945551526674e-07
4.1821945551526674e-07
4.1821945551526674e-07
4.1821945551526674e-07
4.1821945551526674e-07
4.1821945551526674e-07
4.1821945551526674e-07
4.1821945551526674e-07
4.1821945551526674e-07
4.1821945551526674e-07
4.1821945551526674e-07
4.1821945551526674e-07
4.1821945551526674e-07
4.1821945551526674e-07
4.1821945551526674e-07
4.1821945551526674e-07
4.1821945551526674e-07
4.1821945551526674e-07
4.1821945551526674e-07
4.1821945551526674e-07
4.1821945551526674e-07
4.1821945551526674e-07
4.1821945551526674e-07
4.1821945551526674e-07
4.1821945551526674e-07
4.1821945551526674e-07
4.1821945551526674e-07
4.1821945551526674e-07
4.1821945551526674e-07
4.1821945551526674e-07
4.1821945551526674e-07
4.1821945551526674e-07
4.1821945551526674e-07
4.1821945551526674e-07
4.1821945551526674e-07
4.1821945551526674e-07
4.1821945551526674e-07
4.1821945551526674e-07
4.1821945551526674e-07
4.1821945551526674e-07
4.1821945551526674e-07
4.1821945551526674e-07
4.1821945551526674e-07
4.1821945551526674e-07
4.1821945551526674e-07
4.1821945551526674e-07
4.1821945551526674e-07
4.1821945551526674e-07
4.1821945551526674e-07
4.1821945551526674e-07
4.1821945551526674e-07
4.1821945551526674e-07
4.1821945551526674e-07
4.1821945551526674e-07
4.1821945551526674e-07
4.1821945551526674e-07
4.1821945551526674e-07
4.1821945551526674e-07
4.1821945551526674e-07
4.1821945551526674e-07
4.1821945551526674e-07
4.1821945551526674e-07
4.1821945551526674e-07
4.1821945551526674e-07
4.1821945551526674e-07
4.1821945551526674e-07
4.1821945551526674e-07
4.1821945551526674e-07
4.1821945551526674e-07
4.1821945551526674e-07
4.1821945551526674e-07
4.1821945551526674e-07
4.1821945551526674e-07
4.1821945551526674e-07
4.1821945551526674e-07
4.1821945551526674e-07
4.1821945551526674e-07
1.9488141962042586e-05
2.8044755520704956e-05
6.459107050735467e-05
0.0003103276022935584
0.0004130301013945983
0.000573230496605312
0.0005095521198254942
0.0015484926346175038
0.002922543370001297
0.004690789790075773
0.00343099239861529
0.003547584511888152
0.0033598712590469067
0.0024931440806811476
0.0011006012863365347
0.00032365633711590086
0.00012255949279482532
4.1821945551526674e-07
4.1821945551526674e-07
4.1821945551526674e-07
3.911842671788757e-05
2.5842029542925826e-05
4.1821945551526674e-07
1.016724434801614e-05
3.200515897274475e-05
4.1821945551526674e-07
4.1821945551526674e-07
4.1821945551526674e-07
4.1821945551526674e-07
4.1821945551526674e-07
4.1821945551526674e-07
4.1821945551526674e-07
4.1821945551526674e-07
4.1821945551526674e-07
4.1821945551526674e-07
4.1821945551526674e-07
2.5409593341837125e-06
0.0001307953730917737
0.00014153573219890015
3.790371682666185e-05
5.329120576535909e-05
4.1821945551526674e-07
4.1821945551526674e-07
4.1821945551526674e-07
2.9725432284022987e-05
3.85095889862212e-05
0.0001393471296450617
0.00017948396323348096
0.00019794574759606317
0.0001562724199942784
0.00011855659456442669
0.00011462861460091798
0.00015394651779406768
0.00018333994436650383
0.00011077424712389733
9.343237658118814e-05
5.672895762444332e-05
4.796123798652165e-05
4.601528854671915e-05
3.85095889862212e-05
0.00011560365777229908
9.695428540951934e-05
0.0002076342680384362
0.00011365817210826585
0.00023250437361164045
0.00015279169001597523
0.00016579612833594138
0.0001562724199942784
0.00041536839553868796
0.0004932201971600888
0.0005263180957454422
0.0004905396802356355
0.0004248258015285538
0.0005123160239849931
0.00045674268208358595
0.0004878708852915705
0.00041771707015121607
0.000656750541082985
0.001216072887755613
0.0008544582991248565
0.000942859596226299
0.0005854769191362672
0.00018076333501733033
2.3148859973065797e-05
4.1821945551526674e-07
4.1821945551526674e-07
4.1821945551526674e-07
4.1821945551526674e-07
4.1821945551526674e-07
4.1821945551526674e-07
4.1821945551526674e-07
4.1821945551526674e-07
4.1821945551526674e-07
4.1821945551526674e-07
4.1821945551526674e-07
4.1821945551526674e-07
4.1821945551526674e-07
4.1821945551526674e-07
4.1821945551526674e-07
4.1821945551526674e-07
4.1821945551526674e-07
4.1821945551526674e-07
4.1821945551526674e-07
4.1821945551526674e-07
4.1821945551526674e-07
4.1821945551526674e-07
3.85095889862212e-05
4.537292195379592e-05
4.1821945551526674e-07
4.1821945551526674e-07
1.2057306770526347e-05
4.473367325742414e-05
0.00026268996787294355
0.00026268996787294355
0.0001459749809415802
0.0001820486535206696
0.00011955024406565493
7.679718850208893e-05
4.1821945551526674e-07
4.1821945551526674e-07
4.1821945551526674e-07
1.1581268460831754e-05
6.0965559969700685e-05
8.408650382495522e-05
6.755508121727497e-05
4.1821945551526674e-07
4.1821945551526674e-07
4.1821945551526674e-07
4.1821945551526674e-07
4.1821945551526674e-07
4.1821945551526674e-07
4.1821945551526674e-07
4.1821945551526674e-07
4.1821945551526674e-07
4.1821945551526674e-07
4.1821945551526674e-07
4.1821945551526674e-07
4.1821945551526674e-07
6.606593459121625e-05
0.00026435227366281293
0.00029021430607381046
0.0001609898722544984
3.5509614705562055e-05
4.1821945551526674e-07
4.1821945551526674e-07
4.1821945551526674e-07
4.1821945551526674e-07
4.1821945551526674e-07
4.1821945551526674e-07
4.1821945551526674e-07
4.1821945551526674e-07
4.1821945551526674e-07
4.1821945551526674e-07
4.1821945551526674e-07
4.1821945551526674e-07
4.1821945551526674e-07
4.1821945551526674e-07
4.1821945551526674e-07
4.1821945551526674e-07
4.1821945551526674e-07
4.1821945551526674e-07
4.1821945551526674e-07
4.1821945551526674e-07
4.1821945551526674e-07
4.1821945551526674e-07
4.1821945551526674e-07
4.1821945551526674e-07
4.1821945551526674e-07
4.1821945551526674e-07
4.1821945551526674e-07
4.1821945551526674e-07
0.00016701174896730338
0.00024806501272491634
0.0006010862946793585
0.0006106152079360141
0.0003294984034547105
0.00012255949279482532
5.534386022694787e-05
2.749000873286707e-05
8.574943824308297e-05
0.0001769429578319006
0.0001586201415237477
8.326098202658756e-05
4.1821945551526674e-07
4.1821945551526674e-07
4.1821945551526674e-07
4.1821945551526674e-07
4.1821945551526674e-07
4.1821945551526674e-07
2.5842029542925826e-05
2.6388658180851257e-05
4.1821945551526674e-07
4.1821945551526674e-07
4.1821945551526674e-07
4.1821945551526674e-07
4.1821945551526674e-07
3.730079673663818e-05
9.784529217673233e-05
8.491598333998565e-05
4.717351414020623e-06
4.1821945551526674e-07
4.1821945551526674e-07
4.1821945551526674e-07
7.365708741880272e-05
8.827383307993124e-05
7.919212530911115e-05
0.00012155167244851496
0.00010699220717677692
6.532672524703607e-05
4.1821945551526674e-07
9.256233596632511e-05
0.00028843492427793436
0.00041536839553868796
0.00030106124730696775
0.00011855659456442669
9.169643306447382e-05
0.00010054388364771395
0.00019121455620946083
0.0003159885181265808
0.00032559494650050407
0.0003946924086154945
0.000501332553446879
0.0007889091340046143
0.001043995560956266
0.0017744586042466746
0.0013294735556615524
0.0007732040245997502
0.00047731198571059345
0.00035160500637010464
0.0002577482003649342
0.0002992329380035534
0.00017069273747401294
0.0005523040883263442
0.0006170367566425887
