0.13856965305490837
0.13407872461650575
0.21561126820700557
0.2364869567263344
0.20880807712453572
0.203106194795164
0.21462936309034886
0.13510472866234582
0.10691802904881532
0.05557527323697445
0.019033565640216746
0.011306454758031572
0.006008901477572134
0.0010953481208964627
5.465632490595088e-05
4.1821945551526674e-07
4.1821945551526674e-07
4.1821945551526674e-07
4.1821945551526674e-07
0.00011365817210826585
0.00038355789034384675
1.1107585893406713e-05
4.1821945551526674e-07
4.1821945551526674e-07
4.1821945551526674e-07
6.830505072691506e-05
0.0004442498386152374
0.0003924456563210816
0.00033343708727926277
0.0001598022438133534
0.0005178801959965072
0.0006843876243851368
0.002460925212146792
0.005003494549262657
0.004100381572728196
0.004202510508154393
0.006705756555640919
0.013082288792016523
0.01592514938191825
0.009566956223823407
0.015262265046182081
0.005064157628781635
0.01177213962581327
0.014676110372052551
0.013908844580335337
0.015535452220317676
0.003935086112574001
0.0029600870909300995
0.0025148311732406162
0.0024290770426978556
0.008287788277416806
0.01520813855452309
0.022130405841100265
0.030350584260587565
0.02880449622916797
0.014676110372052551
0.0037136731908849635
0.001233397655981201
0.00039694916673886784
0.00022202810530335486
0.00019388838349799424
0.00010328123033177369
0.00013826050530950476
0.0001393471296450617
7.288144023329351e-05
0.0002249870883307202
0.00023402860621486534
0.0004442498386152374
0.000501332553446879
0.0002544909982708175
0.000687909394369356
0.0005178801959965072
0.0012627495225946493
0.0020290255764019187
0.0019756739685359934
0.00019658704091714873
3.374452061566211e-05
3.2582108786105586e-05
7.288144023329351e-05
4.1821945551526674e-07
4.1821945551526674e-07
4.1821945551526674e-07
4.1821945551526674e-07
4.1821945551526674e-07
0.00010328123033177369
0.00019254837936965512
5.7426549990513285e-05
3.1431029280470095e-05
0.0003374112910335575
0.005064157628781635
0.028993949744326578
0.0848552505853983
0.1585065404756802
0.26107294076831633
0.21413966679258947
0.12904091145243118
0.19983476506180778
0.16203625003979982
0.11941709210258343
0.07247615835675092
0.05094225532548864
0.048676960248286875
0.08002351097088767
0.12287689526678701
0.1523795346026084
0.21170372126250536
0.2616395713489253
0.24556644643749515
0.254342596250946
0.19983476506180778
0.042518888101341405
0.04372137507400344
0.0343127893222466
0.007977556393770763
7.521960187700902e-05
1.1107585893406713e-05
0.00010054388364771395
4.1821945551526674e-07
4.1821945551526674e-07
4.1821945551526674e-07
4.1821945551526674e-07
4.1821945551526674e-07
8.326098202658756e-05
0.00020344372183440834
0.0008211295054639289
0.00021909616434388082
0.0001756812734667991
0.0007693192390129263
0.00235618484719601
0.007648287406453735
0.023282367832038815
0.04536967588312295
0.04779506632172482
0.051873028618202185
0.029665558304877913
0.01751007426031367
0.012616637157009464
0.012479831415865695
0.010118342154720855
0.005551510977130364
0.006917675543123764
0.011945645819064732
0.03599516728023185
0.08321871139631033
0.06765010690335006
