0.5345782569718135
0.5144699277549675
0.5175208951982126
0.2850397159981613
0.2571314000972158
0.21907438695008094
0.17676780804117473
0.03104924215473336
0.013759714330294692
0.002149019766305547
0.000694998337551608
0.0007501410637825599
0.0004060770801437846
0.0002249870883307202
0.00022202810530335486
0.0008334960676498367
0.0013356890636777683
4.1821945551526674e-07
4.1821945551526674e-07
3.085970681754776e-05
7.521960187700902e-05
9.874054821997341e-05
7.600650273037106e-05
4.1821945551526674e-07
4.1821945551526674e-07
4.1821945551526674e-07
4.1821945551526674e-07
4.1821945551526674e-07
4.1821945551526674e-07
4.1821945551526674e-07
4.1821945551526674e-07
4.1821945551526674e-07
4.1821945551526674e-07
4.1821945551526674e-07
4.1821945551526674e-07
4.1821945551526674e-07
4.1821945551526674e-07
4.1821945551526674e-07
4.1821945551526674e-07
4.1821945551526674e-07
4.1821945551526674e-07
4.1821945551526674e-07
4.1821945551526674e-07
4.1821945551526674e-07
4.1821945551526674e-07
4.1821945551526674e-07
4.1821945551526674e-07
4.1821945551526674e-07
4.1821945551526674e-07
0.00016701174896730338
0.00017193119130851287
2.0003396264418724e-05
4.1821945551526674e-07
0.0032762647527293776
0.0820657253216741
0.1280516292020098
0.06458392719956976
0.007947109576515806
0.0002528734961339983
4.1821945551526674e-07
4.1821945551526674e-07
4.1821945551526674e-07
4.1821945551526674e-07
6.948664563820461e-06
4.1821945551526674e-07
4.1821945551526674e-07
4.1821945551526674e-07
4.1821945551526674e-07
4.1821945551526674e-07
4.1821945551526674e-07
4.1821945551526674e-07
0.0004799343621142991
7.288144023329351e-05
4.601528854671915e-05
0.0024716234564721475
4.1821945551526674e-07
4.1821945551526674e-07
4.1821945551526674e-07
4.1821945551526674e-07
4.1821945551526674e-07
4.1821945551526674e-07
4.1821945551526674e-07
4.1821945551526674e-07
4.1821945551526674e-07
4.1821945551526674e-07
4.1821945551526674e-07
4.1821945551526674e-07
4.1821945551526674e-07
4.1821945551526674e-07
4.666078723463647e-05
0.04707054892068905
0.35765928428553084
0.6430983805047268
0.6541815445761128
0.5310835911576193
0.1934116136574296
0.05967336010360442
0.01451973663085122
0.003036466909553781
4.730943227540553e-05
5.9539684819780406e-05
5.1939255681021757e-05
0.00011269231009596723
0.0018979728428437986
0.0007693192390129263
0.0011218323890546786
4.0345053192032316e-05
0.00022350420217859162
0.0009521143654081079
0.0036373366435647186
4.601528854671915e-05
0.0005234931781946105
0.001079718382396084
0.0006432840144544302
4.1821945551526674e-07
4.1821945551526674e-07
4.1821945551526674e-07
4.1821945551526674e-07
4.1821945551526674e-07
4.1821945551526674e-07
4.1821945551526674e-07
4.1821945551526674e-07
4.1821945551526674e-07
4.1821945551526674e-07
4.1821945551526674e-07
4.1821945551526674e-07
4.1821945551526674e-07
4.1821945551526674e-07
4.1821945551526674e-07
4.1821945551526674e-07
4.1821945551526674e-07
0.0013544880551919598
0.011858611636997734
0.010005859629393689
0.005507528682627394
0.0028609128320069323
0.000942859596226299
0.0005095521198254942
0.00020344372183440834
0.00022350420217859162
0.0003536692437214269
0.0019494667108922695
0.002460925212146792
0.17889273630872762
0.0793521602032483
