0.18670490817500612
0.17050927347689032
0.16968788064392756
0.15657160059122827
0.21659652776832072
0.24072836307072484
0.21709041711630161
0.06458392719956976
0.027598984875370033
0.010579584154377887
0.0039676606763426716
0.0031277941456224197
0.0015555957460850081
0.0017664826348046017
0.00014153573219890015
7.443646904807915e-05
0.00019794574759606317
4.1821945551526674e-07
4.1821945551526674e-07
4.1821945551526674e-07
4.1821945551526674e-07
4.1821945551526674e-07
4.1821945551526674e-07
4.1821945551526674e-07
4.1821945551526674e-07
4.1821945551526674e-07
4.1821945551526674e-07
4.1821945551526674e-07
4.1821945551526674e-07
4.1821945551526674e-07
4.1821945551526674e-07
4.1821945551526674e-07
4.1821945551526674e-07
4.1821945551526674e-07
4.1821945551526674e-07
0.00014043886450120028
0.0031277941456224197
0.0033598712590469067
0.0036524908640808737
0.0158129384710541
0.025234322991113153
0.018068345582900873
0.02228106708653217
0.028993949744326578
0.06648636366148326
0.12035285228990268
0.08298705405220122
0.0936944253064945
0.08992415675907861
0.04186311555396835
0.04108760464848357
0.02796516340765478
0.013858976664493464
0.02004369910998198
0.05281813896994956
0.07309903183437604
0.03859060455524539
0.0030493663030975084
0.0009708576355963556
0.00022350420217859162
4.1821945551526674e-07
4.1821945551526674e-07
4.1821945551526674e-07
0.00011756762735174486
0.00015394651779406768
0.00014043886450120028
9.083464954458178e-05
0.0005948019917762669
0.002335718674598874
0.01190205826278302
0.026613357270493458
0.02448626628116568
0.02796516340765478
0.03290990887339675
0.02060139298559382
0.0007166326897645051
1.897542464599091e-05
5.329120576535909e-05
3.61037590376232e-05
4.1821945551526674e-07
4.1821945551526674e-07
4.1821945551526674e-07
4.1821945551526674e-07
4.1821945551526674e-07
4.1821945551526674e-07
4.1821945551526674e-07
4.1821945551526674e-07
4.1821945551526674e-07
4.1821945551526674e-07
0.005003494549262657
0.03786733059443246
0.0924235920802906
0.5013193960724511
0.5865657772438115
0.5526453895636214
0.4904408267868816
0.06002603070951336
0.005822056691468791
0.0045410861370690616
7.288144023329351e-05
1.1581268460831754e-05
4.1821945551526674e-07
1.2535711790445848e-05
0.0007166326897645051
0.0012509366552643428
0.0036829685662954485
0.002002192483946326
0.002376810169798905
0.008839902469956445
0.10216914292359631
0.013809266722141444
0.01769445710892179
0.014623821516317505
0.007648287406453735
0.00010420238076200091
4.1821945551526674e-07
4.1821945551526674e-07
4.1821945551526674e-07
4.1821945551526674e-07
4.1821945551526674e-07
4.1821945551526674e-07
4.1821945551526674e-07
4.1821945551526674e-07
4.1821945551526674e-07
4.1821945551526674e-07
4.1821945551526674e-07
4.1821945551526674e-07
4.1821945551526674e-07
4.1821945551526674e-07
4.1821945551526674e-07
0.00011462861460091798
0.0009803473280432622
0.0034598150478597866
0.004306906337175893
0.0021207844027067795
0.0025697847741390687
0.004306906337175893
0.00527114313988333
0.008131354686000633
0.006299215103217461
0.00673192570027706
0.015757094583891015
0.03280407266906129
0.06667915283707734
0.033229185265470584
