0.09918848513626485
0.09575738401527534
0.09217112247027538
0.07002855824224546
0.0674549789151725
0.06439621102874266
0.06272719951825492
0.016038060850808607
0.006525099850476593
0.002460925212146792
0.0009803473280432622
0.0012046408852339557
0.0011764682459082204
3.491836899647325e-05
1.846523262218758e-05
1.6449485304223922e-05
4.1821945551526674e-07
4.1821945551526674e-07
4.1821945551526674e-07
4.1821945551526674e-07
4.1821945551526674e-07
4.1821945551526674e-07
4.1821945551526674e-07
4.1821945551526674e-07
4.1821945551526674e-07
4.1821945551526674e-07
4.1821945551526674e-07
4.1821945551526674e-07
4.1821945551526674e-07
4.1821945551526674e-07
4.1821945551526674e-07
4.1821945551526674e-07
4.1821945551526674e-07
4.1821945551526674e-07
4.1821945551526674e-07
4.1821945551526674e-07
4.1821945551526674e-07
4.1821945551526674e-07
4.1821945551526674e-07
4.1821945551526674e-07
4.1821945551526674e-07
4.1821945551526674e-07
4.1821945551526674e-07
4.1821945551526674e-07
3.973024358103057e-05
0.0008418279273899678
0.00011855659456442669
0.0002956010048399243
0.0003726684542666927
0.00015394651779406768
4.1821945551526674e-07
4.1821945551526674e-07
4.1821945551526674e-07
4.1821945551526674e-07
4.1821945551526674e-07
4.1821945551526674e-07
4.1821945551526674e-07
0.0008845574880146694
0.012299466594851465
0.027598984875370033
0.007677712210201276
0.0073311854962891726
0.02687908615285257
0.0638357968422334
0.2650580600113758
0.34030275382184727
0.41716025479432156
0.5126110369951192
0.22765726858877638
0.08845123289783434
0.0343127893222466
0.00017948396323348096
4.1821945551526674e-07
4.1821945551526674e-07
4.1821945551526674e-07
4.1821945551526674e-07
4.1821945551526674e-07
4.1821945551526674e-07
4.1821945551526674e-07
4.1821945551526674e-07
0.007856389297497044
0.009931489686731021
0.0016134590444200152
0.0009755925812878291
0.0007388284839669272
0.000308457574302207
4.1821945551526674e-07
4.1821945551526674e-07
4.1821945551526674e-07
4.1821945551526674e-07
4.1821945551526674e-07
4.1821945551526674e-07
4.1821945551526674e-07
4.1821945551526674e-07
0.8638666414225783
0.7773326640352727
0.5218065989123906
0.4195091687679953
0.47757141357814453
0.42029402823137635
0.38073422863787915
0.27668576731381905
0.3073417223978173
0.634538435019739
0.7194453226817796
0.8261699894373211
0.7415423028253408
0.6467839723958138
0.5450430056090342
0.5064431721861874
0.0018726797442843869
4.1821945551526674e-07
4.1821945551526674e-07
4.1821945551526674e-07
4.1821945551526674e-07
4.1821945551526674e-07
4.1821945551526674e-07
4.1821945551526674e-07
4.1821945551526674e-07
4.1821945551526674e-07
4.1821945551526674e-07
4.1821945551526674e-07
4.1821945551526674e-07
4.1821945551526674e-07
4.1821945551526674e-07
4.1821945551526674e-07
4.1821945551526674e-07
4.1821945551526674e-07
4.1821945551526674e-07
4.1821945551526674e-07
4.1821945551526674e-07
4.1821945551526674e-07
4.1821945551526674e-07
4.1821945551526674e-07
4.1821945551526674e-07
0.18017706399078562
0.5702511818619327
0.6397285737137092
0.6406467540627883
0.7308439809997639
0.7557448514449752
0.8914176222706991
0.9587570972501889
0.9408726961066189
0.7412379584194836
