0.1127315022082311
0.0936944253064945
0.06533937089905799
0.048234303402596004
0.05218646417540742
0.04972323973285836
0.04927252419167071
0.022738436177827115
0.013224916228032662
0.009424505548136067
0.007387953200404283
0.008256288872701979
0.0073311854962891726
0.003822948066157415
0.0028004430481458832
0.002216202584700787
0.0010642815810283405
8.080798729546087e-05
5.672895762444332e-05
4.1821945551526674e-07
2.104156285420814e-05
4.1821945551526674e-07
4.1821945551526674e-07
4.1821945551526674e-07
4.1821945551526674e-07
4.1821945551526674e-07
4.1821945551526674e-07
4.1821945551526674e-07
6.0494664229690885e-06
0.00010982200617147932
0.0003394118050657009
0.0006432840144544302
0.0017585383043655842
0.0032215635279405626
0.003474307268425031
0.007707237859848668
0.010270065200613158
0.012344340119814405
0.006299215103217461
0.005377443295494474
0.00660198531836159
0.002376810169798905
0.0024502681563288702
0.004000475928227118
0.005104963926303597
0.0068908629982372405
0.0037136731908849635
0.005064157628781635
0.01038517966287051
0.00963889665079164
0.010308310172360698
0.006679678219286961
0.004134175380177595
0.010118342154720855
0.013661080510422365
0.007916766324608868
0.002083648922144672
0.0005150920331559348
0.00010145200098041932
5.15917927094416e-06
4.1821945551526674e-07
4.1821945551526674e-07
4.1821945551526674e-07
4.1821945551526674e-07
4.1821945551526674e-07
4.1821945551526674e-07
4.1821945551526674e-07
4.1821945551526674e-07
4.1821945551526674e-07
4.1821945551526674e-07
4.1821945551526674e-07
4.1821945551526674e-07
4.1821945551526674e-07
4.1821945551526674e-07
4.1821945551526674e-07
4.1821945551526674e-07
4.1821945551526674e-07
4.1821945551526674e-07
0.00029021430607381046
0.00123922006762104
0.0010745514519462358
0.0004542220473359817
0.00012255949279482532
0.00011560365777229908
0.0003314633237433007
0.00048521376522037526
0.0003726684542666927
0.0003857650264925249
0.0014188317780883927
0.008543660805613276
0.03015348096774408
0.05725305144336006
0.14753891762627494
0.14753891762627494
0.15503693777960895
0.15465511100971843
0.19070730816400386
0.12287689526678701
0.07124362470995574
0.01225473752907891
0.0038866721399602394
0.001216072887755613
0.0005150920331559348
0.00041070214547882347
0.0003683801846117332
0.0003454674415668823
0.0008048828978411115
0.0024290770426978556
0.00527114313988333
0.02608873554601145
0.00043445202639833
0.00013184684137160913
4.0345053192032316e-05
4.1821945551526674e-07
4.1821945551526674e-07
4.1821945551526674e-07
0.00013717896926209862
0.00035574273565322127
0.0002386433864260919
0.00010699220717677692
4.1821945551526674e-07
4.1821945551526674e-07
4.1821945551526674e-07
4.1821945551526674e-07
4.1821945551526674e-07
4.1821945551526674e-07
4.1821945551526674e-07
4.1821945551526674e-07
7.401631324762366e-06
0.00033541973076333656
0.0016061241963045575
0.003822948066157415
0.0357668337491767
0.028616115740352797
0.03599516728023185
0.06439621102874266
0.04095955363117223
0.0383482092669029
0.03895665802975025
0.024568419061668824
0.02473344466122114
0.03015348096774408
0.031150175845483633
0.01788054318588964
0.01788054318588964
