0.1127315022082311
0.0934391244172696
0.06020302083755255
0.020112680087123653
0.010817127823167447
0.007916766324608868
0.005187459008279755
0.00278848665709045
0.0018726797442843869
0.001187667900179414
0.0009567708552478629
0.0008048828978411115
0.0005263180957454422
0.00046181736468723316
0.0003726684542666927
0.0003314633237433007
0.00020483413783674347
0.0002264767926584861
0.0002020597020269302
0.0001769429578319006
0.00013610249935865063
0.00013826050530950476
0.00011077424712389733
0.00010887426571354678
0.00022350420217859162
0.0001609898722544984
0.0001769429578319006
0.00019388838349799424
0.00019658704091714873
0.0002309871053579922
0.00014709785078284246
6.680871455440406e-05
5.465632490595088e-05
3.85095889862212e-05
1.5951746064151342e-05
5.603473276198844e-05
8.912336769799859e-05
4.409752831835428e-05
2.6388658180851257e-05
9.874054821997341e-05
0.00017821051264611893
0.0001756812734667991
0.00013610249935865063
6.680871455440406e-05
0.0003414213099737274
0.0003748269751917197
0.00021909616434388082
0.00022202810530335486
0.00034750414317488595
0.0004905396802356355
0.0005348671470728068
0.00029741286861591893
0.00029741286861591893
0.0002386433864260919
0.00038355789034384675
0.0002076342680384362
0.00019254837936965512
0.00030659595969815087
0.0003374112910335575
0.00024175527353689227
9.169643306447382e-05
9.700563668069177e-06
7.999812108526679e-05
0.0024396521470343145
0.07456968825568903
0.1392709798994756
0.21907438695008094
0.5313318556728038
0.573303656486107
0.56040652446459
0.5096208413288729
0.5492173896687461
0.5680440205933137
0.5606768970935795
0.6504786308165056
0.6684377509996708
0.7014493531702696
0.693664256750536
0.6855614081514205
0.6755922865267128
0.7002044599079466
0.7178992090063312
0.8216872436638816
0.8494311322288519
0.7545444326066446
0.24992640206821667
4.1821945551526674e-07
4.1821945551526674e-07
4.1821945551526674e-07
0.0005377417627940676
0.003331793286544015
0.0063987318396557715
0.0015770771019588212
0.0007202926443020933
0.00028139742255089696
0.00019254837936965512
0.00015394651779406768
0.00011560365777229908
0.00012458945008389163
0.00021619103647832667
0.00027107759545438143
0.0004130301013945983
0.0003924456563210816
0.0006985656295900247
0.00014822598926857454
0.0017270751151405644
0.0330160392731354
0.32221501680512105
0.5303400551554858
0.6060293081842232
0.8731027238948159
0.8457578325140434
0.8571057361150152
0.8761686347560691
0.9358595590872592
0.9547111804564359
0.9522980152384981
0.9568225511703057
0.9664283410425982
0.9709298343104802
0.9697746522787427
0.9763111817221722
0.9813787573442505
0.9844993028027402
0.988274020104305
1.0
0.9934054126355418
0.9675198607669182
0.06458392719956976
0.004559562564015016
0.004151165420451243
0.0013481962197057977
0.02582981086270475
0.01598151731797469
0.00411724749795121
0.0003028978309597897
0.00021764026301633705
0.00019794574759606317
0.00021474845638305248
0.00018594054607975617
0.00025126335178731157
0.00023555983274114556
0.00031789255186428415
0.00030106124730696775
0.00035574273565322127
0.00022055876891740044
0.00033541973076333656
0.00028843492427793436
0.00042007616762730306
0.000520680561339854
0.0005948019917762669
0.00048521376522037526
0.0007849578326866455
0.0010290005552960541
0.0010694058782455772
0.0008977309377083141
0.0012450663710943638
0.0007166326897645051
0.0006235139684343123
0.0004695136004138804
0.00030659595969815087
0.00028139742255089696
0.0002660221573319983
0.0002104603129225877
0.0002309871053579922
0.00023250437361164045
0.0001769429578319006
0.0001276704928846307
5.329120576535909e-05
6.02509002271068e-05
1.7957554246278875e-05
4.1821945551526674e-07
4.1821945551526674e-07
4.1821945551526674e-07
4.1821945551526674e-07
4.1821945551526674e-07
4.1821945551526674e-07
4.1821945551526674e-07
4.1821945551526674e-07
4.1821945551526674e-07
4.1821945551526674e-07
4.1821945551526674e-07
