0.1127315022082311
0.09420673451618383
0.04019838764322674
0.018131330059521566
0.010118342154720855
0.005891506475369236
0.00496341407004287
0.002922543370001297
0.0023255449252111257
0.0014722166571623976
0.001111172985349564
0.0006704505116466833
0.000573230496605312
0.0005582182793898238
0.00031409303892000344
0.0003683801846117332
0.00018463723327818477
3.790371682666185e-05
4.1821945551526674e-07
4.1821945551526674e-07
3.3161891666773284e-05
5.0600355984208145e-05
8.774128586905785e-06
4.1821945551526674e-07
4.1821945551526674e-07
1.7957554246278875e-05
4.1821945551526674e-07
4.1821945551526674e-07
4.1821945551526674e-07
4.1821945551526674e-07
4.1821945551526674e-07
4.1821945551526674e-07
4.1821945551526674e-07
4.1821945551526674e-07
4.1821945551526674e-07
4.1821945551526674e-07
4.1821945551526674e-07
5.603214164861691e-06
3.730079673663818e-05
1.6854952576662474e-06
4.1821945551526674e-07
1.2609572153005154e-06
8.385352447237871e-07
5.465632490595088e-05
3.790371682666185e-05
0.0002118831226795302
0.0002249870883307202
0.0005406289277940763
0.0006399534299313105
0.0004060770801437846
0.0003992159717088013
0.00033343708727926277
0.0004224457305175551
0.0004878708852915705
0.00047731198571059345
0.000570201933059511
0.0005611947065115004
0.0008048828978411115
0.0005348671470728068
0.0005435286923250356
0.0005611947065115004
0.00037699513950966535
0.0003294984034547105
0.00029021430607381046
0.0006042488837659213
0.0006010862946793585
0.0009155556871907062
0.0010953481208964627
0.0007166326897645051
0.0005435286923250356
0.0004368852841053776
0.000501332553446879
0.0005948019917762669
0.0006300472849622466
0.0007577634374066777
0.0011764682459082204
0.001233397655981201
0.0013171182131978692
0.0018979728428437986
0.002130159428541079
0.0028244929282907755
0.002139571173391089
0.002776575758569682
0.0022357367521706885
0.0017270751151405644
0.0015484926346175038
0.0014519947175024475
0.0011598405507256297
0.001132580157870841
0.0009245808409419406
0.0004442498386152374
0.00045674268208358595
0.00035782552040111097
0.00046693689962801937
0.00042007616762730306
0.0003374112910335575
0.0003374112910335575
0.0003924456563210816
0.0002118831226795302
0.0004060770801437846
0.0002561158892805798
0.00028666357850053626
0.0002062309774104609
0.00011658332190212555
4.283449344976104e-05
5.7426549990513285e-05
7.679718850208893e-05
3.973024358103057e-05
9.874054821997341e-05
0.00011955024406565493
9.96400723984018e-05
0.001665633348461932
0.009531165294286251
0.02796516340765478
0.30291211678527874
0.5492173896687461
0.5868516530864555
0.6889897909111748
0.7761668676933466
0.7554449017419141
0.7488205622906844
0.8012807123132735
0.8469875770661562
0.9026404868378091
0.9691436415345216
0.9804667182317783
0.9856765399832919
0.9868946081966674
0.9934054126355418
1.0
1.0
1.0
1.0
0.9844993028027402
0.9391453887992726
0.7608277239350869
0.41171250831004885
0.05984947739913444
0.07693019502090834
0.016038060850808607
0.04291654314455534
0.017206519135391566
0.00575333898464071
0.004903831163202014
0.0057079305489756834
0.004395666463988848
0.0032215635279405626
0.0033178329878246187
0.0036071965376023056
0.002648514499756252
0.0019581680828902135
0.0017664826348046017
0.0015203641295567913
0.001009295867875269
0.0013544880551919598
0.001054096496307939
0.0009947311293911074
0.0004878708852915705
0.0006074251700725178
0.00038136055718638814
0.00048521376522037526
0.00030659595969815087
0.0003294984034547105
0.0001769429578319006
0.00010236444348611713
0.0002937973125004936
0.00031220607875965677
0.00026268996787294355
0.0002676996508035356
0.0001562724199942784
0.00019794574759606317
0.000169460028946329
0.00015744354151097024
9.083464954458178e-05
2.860223332022215e-05
5.0600355984208145e-05
4.2207575535716617e-05
4.096286922450232e-05
1.3499666068525922e-05
3.670081527016355e-05
3.1431029280470095e-05
8.774128586905785e-06
2.6937980440649776e-05
6.948664563820461e-06
4.1821945551526674e-07
5.603214164861691e-06
1.1581268460831754e-05
2.529808216878381e-05
4.1821945551526674e-07
4.1821945551526674e-07
4.1821945551526674e-07
4.1821945551526674e-07
3.790371682666185e-05
7.838998272353152e-05
3.670081527016355e-05
2.3148859973065797e-05
8.385352447237871e-07
1.5951746064151342e-05
4.1821945551526674e-07
4.1821945551526674e-07
4.1821945551526674e-07
9.236195326068331e-06
4.1821945551526674e-07
2.0521199297108956e-05
3.911842671788757e-05
3.730079673663818e-05
4.1821945551526674e-07
4.537292195379592e-05
4.1821945551526674e-07
4.1821945551526674e-07
3.730079673663818e-05
3.0291178746524636e-05
2.0521199297108956e-05
5.9539684819780406e-05
0.00012870722034053693
0.0001682330409901979
0.00015049816406288805
0.0003294984034547105
0.0008376532040222524
0.0013419299204970976
0.0017664826348046017
0.008131354686000633
0.010737426081278957
0.01451973663085122
0.008446896106084529
0.009747708853461264
0.005985256754639018
0.005529480766246566
0.005507528682627394
0.0037136731908849635
0.0006670034322742025
0.0001393471296450617
9.96400723984018e-05
0.00034750414317488595
0.0005493662218883016
0.002255423560616552
0.0013356890636777683
0.0008293564506535819
0.0007239682548237936
0.0013481962197057977
0.0014995630139813336
0.0014722166571623976
0.0015064688030622597
0.0013481962197057977
0.0014519947175024475
0.001379912648281429
0.001054096496307939
0.0012509366552643428
0.001105876213862849
0.001256831009283534
0.0015698878756208125
0.0038387909604015277
0.0032215635279405626
0.0015273538706807768
0.0022455610096277457
0.002614514157748714
0.002848726644358124
0.005125477038747509
0.004413613372356693
0.0020652981691893623
0.00013610249935865063
2.0521199297108956e-05
8.080798729546087e-05
0.0003217264255398145
0.00016701174896730338
0.0002956010048399243
0.0006399534299313105
0.0005948019917762669
0.0009245808409419406
0.0019933181903444203
0.0018895084707577679
0.0009995658363664576
0.0008845574880146694
0.00044921396623693265
3.5509614705562055e-05
4.1821945551526674e-07
4.1821945551526674e-07
4.1821945551526674e-07
4.1821945551526674e-07
4.1821945551526674e-07
4.1821945551526674e-07
4.1821945551526674e-07
4.1821945551526674e-07
4.1821945551526674e-07
4.1821945551526674e-07
4.1821945551526674e-07
4.1821945551526674e-07
4.1821945551526674e-07
4.1821945551526674e-07
0.0003495499855054227
0.0016061241963045575
0.0016134590444200152
0.0004799343621142991
0.0001516422465441735
0.00014485735688594262
0.0022653245389246185
0.05524473663840988
0.09293022573733886
0.13856965305490837
0.11756304025696844
0.10107697521791585
0.0668724081258263
0.05879928579390787
0.03810711979177234
0.030449552891749852
0.037273510113372876
0.022815455462487446
0.034977440811555016
0.0733076406792728
0.07563509901482979
0.16602935868131766
0.31959312801602535
0.565027142450218
0.6989592475017351
0.7500285086424231
0.7842814588918536
0.6517120583664888
0.0028124450867312942
0.002682907849535136
0.0030883582006644853
0.009747708853461264
0.023125813042676354
0.015535452220317676
0.003729111066298808
0.0002831448609834668
9.96400723984018e-05
0.00010328123033177369
6.02509002271068e-05
5.534386022694787e-05
2.3682204830817788e-05
1.4963624729961743e-05
8.408650382495522e-05
3.2582108786105586e-05
4.1821945551526674e-07
5.15917927094416e-06
4.1821945551526674e-07
4.1821945551526674e-07
4.1821945551526674e-07
4.1821945551526674e-07
4.1821945551526674e-07
4.1821945551526674e-07
4.1821945551526674e-07
4.1821945551526674e-07
4.1821945551526674e-07
4.1821945551526674e-07
4.1821945551526674e-07
4.1821945551526674e-07
4.1821945551526674e-07
4.1821945551526674e-07
4.1821945551526674e-07
4.1821945551526674e-07
4.1821945551526674e-07
4.1821945551526674e-07
4.1821945551526674e-07
4.1821945551526674e-07
4.1821945551526674e-07
4.1821945551526674e-07
4.1821945551526674e-07
4.1821945551526674e-07
4.1821945551526674e-07
4.1821945551526674e-07
4.1821945551526674e-07
4.1821945551526674e-07
4.1821945551526674e-07
4.1821945551526674e-07
4.1821945551526674e-07
4.1821945551526674e-07
4.1821945551526674e-07
4.1821945551526674e-07
1.1107585893406713e-05
2.0521199297108956e-05
5.7426549990513285e-05
1.2057306770526347e-05
5.465632490595088e-05
1.897542464599091e-05
1.7452377923443016e-05
2.104156285420814e-05
9.343237658118814e-05
7.999812108526679e-05
0.00013717896926209862
0.00017442543432576272
0.00020904403731025734
0.00015510675328657192
0.00011365817210826585
9.695428540951934e-05
0.00019121455620946083
0.00028490023520555223
0.0003028978309597897
0.00037699513950966535
0.00047470109744106635
0.000504060432779641
0.0005178801959965072
0.00042721642352334753
0.00047210165104128615
0.000781023257093373
0.001054096496307939
0.0008334960676498367
0.0007057461532181393
0.0007093595048953729
0.0009110714127946506
0.001256831009283534
0.0013419299204970976
0.0010849067501271328
0.0015770771019588212
0.002102143993834012
0.0011933023417513887
0.0011271951863774507
0.0007539441433465716
0.0007202926443020933
0.0008089188057303779
0.0005435286923250356
0.0003314633237433007
0.00028490023520555223
0.00043445202639833
0.0004037798870148761
0.0003294984034547105
0.0004467264304891549
0.0004695136004138804
0.0004932201971600888
0.0004517124903135617
0.000501332553446879
0.00033541973076333656
0.00030659595969815087
0.00029741286861591893
0.0008802031245002676
0.000961446847291135
0.000985121951206015
0.000961446847291135
0.0014926850057415204
0.0009661424158774787
0.0007693192390129263
0.0006773891920780051
0.0006914462789859401
0.0004248258015285538
0.00041771707015121607
0.00032365633711590086
0.0002544909982708175
0.0002448957347829302
0.00025938796284476434
0.0002076342680384362
0.00010605784974451842
7.521960187700902e-05
0.00011173100844669806
0.00022350420217859162
0.00018594054607975617
0.0001516422465441735
9.96400723984018e-05
5.672895762444332e-05
1.6949692108200303e-05
5.9539684819780406e-05
4.927438898930533e-05
5.603214164861691e-06
4.1821945551526674e-07
4.1821945551526674e-07
4.1821945551526674e-07
4.1821945551526674e-07
0.00024966053426639015
0.05156118605990294
0.1512515994211929
0.34166969170867956
0.7175898422184874
0.8479675557028215
0.8622518283560987
0.8930128083999964
0.8195588074223137
0.8407863373806472
0.858754749535386
0.8313723360482158
0.8163438816575193
0.809835722901
0.8349669523512567
0.8578137781875117
0.8924163807736045
0.9054136116710667
0.9164818086479123
0.9400800319935467
0.9417876473933211
0.9654821425287594
0.7551448484121998
0.0839168775216435
0.00022055876891740044
4.1821945551526674e-07
4.1821945551526674e-07
7.365708741880272e-05
0.0001297488399264648
4.1821945551526674e-07
4.1821945551526674e-07
4.1821945551526674e-07
4.1821945551526674e-07
4.1821945551526674e-07
4.1821945551526674e-07
4.1821945551526674e-07
4.1821945551526674e-07
4.1821945551526674e-07
4.1821945551526674e-07
4.1821945551526674e-07
4.1821945551526674e-07
4.1821945551526674e-07
4.1821945551526674e-07
4.1821945551526674e-07
4.1821945551526674e-07
4.1821945551526674e-07
4.1821945551526674e-07
4.1821945551526674e-07
4.1821945551526674e-07
4.1821945551526674e-07
4.1821945551526674e-07
4.1821945551526674e-07
4.1821945551526674e-07
4.1821945551526674e-07
4.1821945551526674e-07
4.1821945551526674e-07
4.1821945551526674e-07
4.1821945551526674e-07
4.1821945551526674e-07
4.1821945551526674e-07
4.1821945551526674e-07
4.1821945551526674e-07
4.1821945551526674e-07
4.1821945551526674e-07
4.1821945551526674e-07
4.1821945551526674e-07
4.1821945551526674e-07
4.1821945551526674e-07
1.1107585893406713e-05
0.0001307953730917737
0.000441784146321633
0.0005234931781946105
0.00017821051264611893
0.00018988688758190964
8.997696714995678e-05
8.658688627788707e-05
5.329120576535909e-05
3.374452061566211e-05
5.465632490595088e-05
4.1821945551526674e-07
4.1821945551526674e-07
4.1821945551526674e-07
4.1821945551526674e-07
4.1821945551526674e-07
4.1821945551526674e-07
4.1821945551526674e-07
4.1821945551526674e-07
4.1821945551526674e-07
4.1821945551526674e-07
4.1821945551526674e-07
4.1821945551526674e-07
4.1821945551526674e-07
4.1821945551526674e-07
4.1821945551526674e-07
4.1821945551526674e-07
4.1821945551526674e-07
4.1821945551526674e-07
4.1821945551526674e-07
4.1821945551526674e-07
4.1821945551526674e-07
4.1821945551526674e-07
4.1821945551526674e-07
4.1821945551526674e-07
4.1821945551526674e-07
4.1821945551526674e-07
4.1821945551526674e-07
4.1821945551526674e-07
4.1821945551526674e-07
5.15917927094416e-06
4.1821945551526674e-07
4.1821945551526674e-07
4.1821945551526674e-07
8.314352761504461e-06
4.1821945551526674e-07
4.1821945551526674e-07
3.5509614705562055e-05
2.860223332022215e-05
4.1821945551526674e-07
4.1821945551526674e-07
4.1821945551526674e-07
4.1821945551526674e-07
4.1821945551526674e-07
4.1821945551526674e-07
4.1821945551526674e-07
4.1821945551526674e-07
4.1821945551526674e-07
4.1821945551526674e-07
4.1821945551526674e-07
4.1821945551526674e-07
4.1821945551526674e-07
4.1821945551526674e-07
4.1821945551526674e-07
4.1821945551526674e-07
4.1821945551526674e-07
4.1821945551526674e-07
4.1821945551526674e-07
4.1821945551526674e-07
4.1821945551526674e-07
4.1821945551526674e-07
4.1821945551526674e-07
4.1821945551526674e-07
4.1821945551526674e-07
4.1821945551526674e-07
4.1821945551526674e-07
4.1821945551526674e-07
4.1821945551526674e-07
4.1821945551526674e-07
4.1821945551526674e-07
