0.19568735916628419
0.2349107083160132
0.15162685014814986
0.17592328513353642
0.14498282923364297
0.12479751134908898
0.11573212416295259
0.059322430348954555
0.035880844467858636
0.028993949744326578
0.013759714330294692
0.012987961055934827
0.009931489686731021
0.005146063768521306
0.0039676606763426716
0.0038071636018825513
0.002345931936117372
0.0019581680828902135
0.0014995630139813336
0.0016961091618540182
0.0018979728428437986
0.001750625499791944
0.0009382611694484275
0.0016505770507984992
0.0019669037948331796
0.0029726968575182616
0.002083648922144672
0.002345931936117372
0.0017824663261809626
0.0017985774832454263
0.002047090722668239
0.0017192872896510238
0.0008758670369851418
0.0011653603247968223
0.0008008640424062941
0.0024396521470343145
0.003667701443079582
0.004903831163202014
0.004671838789136497
0.004709809456243058
0.00311459921530487
0.0033598712590469067
0.004100381572728196
0.005003494549262657
0.004596717078610385
0.005084524199883995
0.004359968156507519
0.006784537515717246
0.009424505548136067
0.005377443295494474
0.0062010823205501005
0.00575333898464071
0.006917675543123764
0.003331793286544015
0.004559562564015016
0.005043863982886897
0.005551510977130364
0.008162429340855915
0.007218815479340226
0.00702585881647299
0.006499649523826324
0.005961695148107732
0.0038071636018825513
0.00235618484719601
0.00274111447497336
0.003547584511888152
0.0061525296471235105
0.0074164837438903996
0.004690789790075773
0.0037757692001037734
0.003141038913760842
0.0025697847741390687
0.002897750601766622
0.0032080161995344646
0.004786579161053152
0.006758185928357597
0.005685346594435422
0.004431625730112061
0.013224916228032662
0.013224916228032662
0.01864218269526107
0.018005553270569855
0.025658437795748404
0.026262602221521738
0.021757638346000314
0.014623821516317505
0.016907599233136835
0.014886918747152625
0.018005553270569855
0.009784221380973745
0.00857613427653288
0.005292251718020012
0.007387953200404283
0.006864143201927446
0.0064238292543240235
0.006008901477572134
0.004671838789136497
0.005166724347530129
0.0026713994826009653
0.003667701443079582
0.0030623145396340592
0.0045410861370690616
0.005250109815062958
0.006474287828245006
0.007053139316229207
0.007053139316229207
0.0073029477531780995
0.011389889786547116
0.01916561806684785
0.014160568625864513
0.0015770771019588212
0.011018682986653315
0.02824255423092406
0.058625767763382394
0.22459999262508232
0.3301700151895546
0.35414099906216284
0.5261625606146215
0.575536230554585
0.6134392314424266
0.6308888416706809
0.720681320775106
0.7670619207426682
0.8606260776105696
0.9382000707331826
0.9621435965348526
0.9741831645619589
0.9868946081966674
1.0
1.0
1.0
1.0
1.0
0.9914481062717828
0.9703182459327355
0.8035040358522354
0.43218013204480854
0.08509118616098783
0.12838071774012
0.02004369910998198
0.008674214876091497
0.011815305553728974
0.005485654483393857
0.006323963880706841
0.009042440442067222
0.009675046833120564
0.011223562021395761
0.013661080510422365
0.014416305945675022
0.01177213962581327
0.008806541449961727
0.008414858717085034
0.006627792874132964
0.004431625730112061
0.005529480766246566
0.005485654483393857
0.005064157628781635
0.004000475928227118
0.005618072811461967
0.004151165420451243
0.003698292419976449
0.002848726644358124
0.00274111447497336
0.0020290255764019187
0.0021871852132458844
0.004066834791828201
0.007080514254129722
0.006225486693596904
0.005776163963384573
0.005868274786084839
0.007135548580993752
0.009566956223823407
0.011815305553728974
0.012344340119814405
0.008414858717085034
0.010462557603707626
0.009424505548136067
0.009531165294286251
0.009495493432057115
0.009784221380973745
0.010423804897532682
0.010658245831802428
0.009820855380996639
0.010005859629393689
0.009008400111535898
0.011989374694640025
0.01351430088356144
0.012344340119814405
0.013082288792016523
0.015154181334180505
0.016266000130362713
0.01592514938191825
0.024404352753168924
0.02824255423092406
0.022661643836065233
0.021390367810848406
0.01684836625327007
0.018706918778028866
0.013563071837964664
0.014571697081184254
0.013661080510422365
0.015590603739692241
0.012525286747740462
0.015154181334180505
0.013563071837964664
0.016438820903522364
0.016266000130362713
0.014262378958243262
0.010231946268576778
0.01038517966287051
0.00803876194796727
0.0071079839141605546
0.006917675543123764
0.008382929555224556
0.014728564085050872
0.020956804970967465
0.012754768152018781
0.009283943655403859
0.009283943655403859
0.013224916228032662
0.012525286747740462
0.005420496772491044
0.006864143201927446
0.006474287828245006
0.006944581116478646
0.010462557603707626
0.007947109576515806
0.01225473752907891
0.01877185195873121
0.017266857435946494
0.02407907979764254
0.033122464519717607
0.03196789618916721
0.04972323973285836
0.05691412873436788
0.11817847767393104
0.08723894837417652
0.07144782911186119
0.04331736562001609
0.03657148640819114
0.030449552891749852
0.03238365680801618
0.037747921873843696
0.016266000130362713
0.009968613051259316
0.008414858717085034
0.003822948066157415
0.0025697847741390687
0.003760158882337147
0.004844888211290228
0.00860871756494487
0.014467939730376066
0.01592514938191825
0.025403231612849738
0.03957335502484684
0.022508737786021207
0.01592514938191825
0.025403231612849738
0.03453312180478869
0.027147115065789946
0.012344340119814405
0.005166724347530129
0.015046772927125729
0.030251893828650726
0.024816318623066904
0.050025653178845976
0.07372633993558249
0.06765010690335006
0.08772221699797365
0.10550314637712004
0.09091721198112185
0.05410087669986722
0.03762883615310178
0.023677803761370263
0.015590603739692241
0.016613255276271457
0.007445112471145236
0.006784537515717246
0.002460925212146792
0.0015273538706807768
0.001132580157870841
0.0019407995573962398
0.0018895084707577679
0.006449014494575834
0.00971131745255508
0.008479042038826165
0.009249095771938252
0.005685346594435422
0.002947525028008703
0.0016961091618540182
0.005551510977130364
0.012570888528013672
0.011059391397450765
0.008069521298525523
0.0074164837438903996
0.0343127893222466
0.19798334428377085
0.1898122936062857
0.3741467461863416
0.5409189443113435
0.5355841901452512
0.5437487815434366
0.5422022448164326
0.4767208784426304
0.5114564800913919
0.5232508316995975
0.5227685557089887
0.5333254864478079
0.590005998848312
0.6048506639268552
0.6712358102651492
0.7104624266601237
0.7885828151974965
0.8400334341473996
0.8359867588105712
0.9100945688029906
0.9354399113623802
0.10921368060747223
0.04509134261217809
0.020320871594929728
0.019033565640216746
0.01054044687103602
0.00857613427653288
0.008839902469956445
0.007387953200404283
0.005442138769660085
0.006104316665286051
0.004923620725750318
0.0036524908640808737
0.0033178329878246187
0.004066834791828201
0.001132580157870841
0.0025476764600078036
0.0016884445331398254
0.0011709028614675493
0.002020046053099673
0.0021968199958897934
0.002216202584700787
0.0028244929282907755
0.002225950654857857
0.0035034543972150773
0.00362223859630885
0.003729111066298808
0.00432452913543862
0.005125477038747509
0.006348799419033278
0.007190964077191803
0.005640417972605003
0.006784537515717246
0.006176763392152942
0.006499649523826324
0.008256288872701979
0.008479042038826165
0.014262378958243262
0.013858976664493464
0.013958870893501247
0.011815305553728974
0.013908844580335337
0.012708576566612919
0.01499332085241939
0.019365202506897154
0.01769445710892179
0.014623821516317505
0.014676110372052551
0.015100392939858032
0.012662533035881334
0.01190205826278302
0.013563071837964664
0.017086398279693386
0.018005553270569855
0.017206519135391566
0.01943213422131634
0.013809266722141444
0.010817127823167447
0.008131354686000633
0.0073311854962891726
0.006499649523826324
0.006176763392152942
0.00857613427653288
0.01351430088356144
0.013368916535361201
0.013224916228032662
0.013661080510422365
0.011516065742239236
0.01147387012962292
0.01221015252713208
0.012434522132893797
0.011858611636997734
0.014886918747152625
0.015425664615029063
0.012941023125802267
0.010579584154377887
0.015535452220317676
0.017086398279693386
0.020251265811924598
0.02297017706119158
0.020181868815364365
0.019365202506897154
0.020320871594929728
0.01970189245134693
0.012570888528013672
0.013858976664493464
0.012662533035881334
0.021683746631835112
0.02796516340765478
0.023282367832038815
0.023677803761370263
0.024650811664706753
0.024650811664706753
0.02407907979764254
0.01832144137297184
0.00963889665079164
0.004825381725251129
0.005868274786084839
0.006176763392152942
0.005685346594435422
0.005420496772491044
0.005685346594435422
0.0038387909604015277
0.004237055067172595
0.00660198531836159
0.008641410991126185
0.0074738396751538125
0.0074738396751538125
0.015262265046182081
0.01684836625327007
0.017086398279693386
0.014676110372052551
0.016554930420863825
0.020320871594929728
0.01857764321303204
0.01916561806684785
0.019298472913786672
0.016613255276271457
0.015757094583891015
0.014571697081184254
0.01499332085241939
0.011389889786547116
0.015868956585149654
0.015757094583891015
0.011558398822854333
0.01114120856684657
0.009931489686731021
0.013082288792016523
0.012299466594851465
0.013661080510422365
0.017086398279693386
0.016323428540087514
0.012299466594851465
0.013958870893501247
0.015262265046182081
0.012754768152018781
0.012570888528013672
0.011643478914778757
0.012077257962951185
0.00411724749795121
0.00788652633303551
0.49303971310808553
0.6110601129841209
0.7250006062041003
0.805164494491819
0.7908632326905123
0.799606279383301
0.8272166997384087
0.7891538216448604
0.8410368917060984
0.8735434692787669
0.9236616174249106
0.9417876473933211
0.9484959793348675
0.9630699618931025
0.9748642908113799
0.9823557257906569
0.9844993028027402
0.9856765399832919
0.9856765399832919
0.9697746522787427
0.8575779842317501
0.9186499197747788
0.4640746253753845
0.11573212416295259
0.014160568625864513
0.016907599233136835
0.021028527314593717
0.020530946857447573
0.007274807028869528
0.005776163963384573
0.004748055660677969
0.005485654483393857
0.004522676644328647
0.004884112706365011
0.006032629573023421
0.005551510977130364
0.004671838789136497
0.004786579161053152
0.005507528682627394
0.005187459008279755
0.008069521298525523
0.01038517966287051
0.010118342154720855
0.005551510977130364
0.007190964077191803
0.01054044687103602
0.013858976664493464
0.009179748763494987
0.008839902469956445
0.007826354914409517
0.007053139316229207
0.00605644129775122
0.00575333898464071
0.0026713994826009653
0.004884112706365011
0.006373721983397192
0.008543660805613276
0.009857611200204496
0.009145248970350673
0.008873375890370551
0.007502665649600592
0.004254422308164316
0.0037446062340122706
0.004923620725750318
0.006679678219286961
0.005250109815062958
0.004690789790075773
0.008319394650166083
0.008224896123067472
0.010043229771674803
0.014313525991548993
0.008839902469956445
0.00870712954159419
0.005043863982886897
0.004083577404007167
0.0022952593816588356
0.002558709374389707
0.001750625499791944
0.001513402474356145
0.0014587081515780988
0.0013356890636777683
0.0012450663710943638
0.0021871852132458844
0.0022455610096277457
0.002706057087234796
0.0025148311732406162
0.0018643151532579132
0.0010591784802942783
0.0009200588058659779
0.000985121951206015
0.0009755925812878291
0.0019321665013298404
0.004359968156507519
0.0058451249422135435
0.005730594596212479
0.005822056691468791
0.006128380824829277
0.005292251718020012
0.005529480766246566
0.005334695579377829
0.003547584511888152
0.005043863982886897
0.005551510977130364
0.006128380824829277
0.00575333898464071
0.007648287406453735
0.007736864654712764
0.005377443295494474
0.004767282638598045
0.0037446062340122706
0.005662842484725026
0.005356031336687949
0.004377784795141642
0.005104963926303597
0.0073029477531780995
0.005891506475369236
0.0035922102832444012
0.0033739892827222193
0.0028004430481458832
0.0034023842833373064
0.0027647101980360672
0.0005885718304898898
0.000570201933059511
0.0005150920331559348
0.00044921396623693265
0.00035574273565322127
0.0001609898722544984
5.126818191248138e-05
7.401631324762366e-06
2.6388658180851257e-05
4.1821945551526674e-07
4.1821945551526674e-07
4.1821945551526674e-07
4.1821945551526674e-07
4.1821945551526674e-07
0.00011269231009596723
5.8127525099462624e-05
3.405007458945186e-06
4.1821945551526674e-07
8.774128586905785e-06
5.672895762444332e-05
0.00017821051264611893
0.0008502304067433799
0.0008802031245002676
0.0021207844027067795
0.0018066811471191301
0.0021680280144728147
