0.1127315022082311
0.0934391244172696
0.057593670346867396
0.02004369910998198
0.008351108304631753
0.004903831163202014
0.00432452913543862
0.0017905059144489725
0.0011164916829414606
0.0009200588058659779
0.00041771707015121607
0.00032559494650050407
0.00018076333501733033
0.0001307953730917737
0.00011955024406565493
6.459107050735467e-05
3.790371682666185e-05
5.7426549990513285e-05
6.459107050735467e-05
2.749000873286707e-05
4.1821945551526674e-07
4.1821945551526674e-07
4.1821945551526674e-07
4.1821945551526674e-07
4.1821945551526674e-07
4.1821945551526674e-07
4.1821945551526674e-07
4.1821945551526674e-07
4.1821945551526674e-07
5.465632490595088e-05
2.209001896969392e-05
2.104156285420814e-05
4.1821945551526674e-07
1.2609572153005154e-06
4.717351414020623e-06
3.200515897274475e-05
2.6937980440649776e-05
2.6937980440649776e-05
4.409752831835428e-05
3.790371682666185e-05
3.200515897274475e-05
6.240527475761141e-05
6.981586320836901e-05
5.1939255681021757e-05
4.730943227540553e-05
4.730943227540553e-05
4.2207575535716617e-05
2.209001896969392e-05
6.240527475761141e-05
6.168367960567218e-05
4.283449344976104e-05
3.85095889862212e-05
2.529808216878381e-05
2.5409593341837125e-06
0.00012561162899256146
0.0001307953730917737
4.796123798652165e-05
2.9719053644181457e-06
0.00022350420217859162
0.0007732040245997502
0.004359968156507519
0.0057079305489756834
0.008839902469956445
0.017266857435946494
0.024404352753168924
0.019974925367623454
0.021028527314593717
0.022892702239990213
0.01537102762897005
0.012299466594851465
0.01598151731797469
0.019365202506897154
0.019769842399650458
0.02548805399370427
0.04345168036215149
0.024982791734738385
0.019566606044130994
0.03969769189287934
0.030449552891749852
0.01570142446879349
0.012754768152018781
0.004864465130458931
0.0010901166359383653
0.0004037798870148761
0.00021331249449299235
4.1821945551526674e-07
4.1821945551526674e-07
4.1821945551526674e-07
4.1821945551526674e-07
4.1821945551526674e-07
4.1821945551526674e-07
4.1821945551526674e-07
4.1821945551526674e-07
4.1821945551526674e-07
4.1821945551526674e-07
4.1821945551526674e-07
4.1821945551526674e-07
4.1821945551526674e-07
4.1821945551526674e-07
4.1821945551526674e-07
4.1821945551526674e-07
4.1821945551526674e-07
4.1821945551526674e-07
4.1821945551526674e-07
4.1821945551526674e-07
4.1821945551526674e-07
1.897542464599091e-05
4.1821945551526674e-07
4.1821945551526674e-07
4.1821945551526674e-07
4.1821945551526674e-07
4.1821945551526674e-07
4.1821945551526674e-07
8.774128586905785e-06
0.001386333584095733
0.004943481619378195
0.012801108195745188
0.013177221757724856
0.02060139298559382
0.02004369910998198
0.018902311608009786
0.007589739142927908
0.006499649523826324
0.0045410861370690616
0.004504333871982043
0.005799069782198611
0.005618072811461967
0.005125477038747509
0.004767282638598045
0.005084524199883995
0.00527114313988333
0.0074164837438903996
0.0074164837438903996
0.007736864654712764
0.009318908238402939
0.009531165294286251
0.0116862266914643
0.005166724347530129
0.005313435785604869
0.0073029477531780995
0.002706057087234796
0.0016061241963045575
4.717351414020623e-06
4.1821945551526674e-07
4.1821945551526674e-07
4.1821945551526674e-07
4.1821945551526674e-07
4.1821945551526674e-07
4.1821945551526674e-07
4.1821945551526674e-07
4.1821945551526674e-07
4.1821945551526674e-07
4.1821945551526674e-07
4.1821945551526674e-07
4.1821945551526674e-07
4.1821945551526674e-07
4.1821945551526674e-07
4.1821945551526674e-07
4.1821945551526674e-07
4.1821945551526674e-07
4.1821945551526674e-07
4.1821945551526674e-07
1.3499666068525922e-05
4.993576321616549e-05
0.00017821051264611893
4.927438898930533e-05
2.749000873286707e-05
0.00019254837936965512
0.00032559494650050407
0.0005123160239849931
0.0009066059107993605
0.0009291218647837759
0.001043995560956266
0.0007276595825308322
0.0005885718304898898
0.00047731198571059345
0.00032559494650050407
0.00011365817210826585
5.672895762444332e-05
1.4473219984252543e-05
4.1821945551526674e-07
4.1821945551526674e-07
4.1821945551526674e-07
2.0521199297108956e-05
4.1821945551526674e-07
4.1821945551526674e-07
4.1821945551526674e-07
1.897542464599091e-05
8.742834526053635e-05
0.0003294984034547105
0.00024332191727649788
0.00022350420217859162
0.0017905059144489725
0.002614514157748714
0.0017038044238819384
0.0014386489910780133
0.0017038044238819384
0.0009755925812878291
0.0011434169565823187
0.0017585383043655842
0.0014057534118719
0.0013048631504227427
0.0013735177227402026
0.0042197512019429475
0.002460925212146792
0.0015842952420718158
0.0007577634374066777
0.0007889091340046143
0.0007501410637825599
0.0007771053425490303
0.000656750541082985
0.0006106152079360141
0.00047210165104128615
0.0004248258015285538
0.0006106152079360141
0.003935086112574001
0.03692106635256641
0.24233321472572505
0.41093803732360396
0.5142367877406483
0.5820122434212857
0.7138739184997092
0.7110830396915404
0.7348283045491426
0.6366728289915551
0.5848536588818696
0.6203184327445737
0.656035842183462
0.6871197590799385
0.7008269483727967
0.7175898422184874
0.7518375466964498
0.7851443540857492
0.8457578325140434
0.8770363158375446
0.9335983503483744
0.8947893582933741
0.7045599864246792
0.013082288792016523
4.1821945551526674e-07
4.1821945551526674e-07
4.1821945551526674e-07
9.343237658118814e-05
0.0003374112910335575
0.002206492409109143
0.006373721983397192
0.0017664826348046017
0.0007129883302216486
0.0004224457305175551
0.00011855659456442669
2.3682204830817788e-05
4.1821945551526674e-07
3.085970681754776e-05
2.0521199297108956e-05
8.385352447237871e-07
4.1821945551526674e-07
2.104156285420814e-05
4.927438898930533e-05
4.927438898930533e-05
0.00012561162899256146
0.00015049816406288805
0.00015510675328657192
7.521960187700902e-05
6.755508121727497e-05
3.4330008688587323e-05
6.606593459121625e-05
4.409752831835428e-05
7.443646904807915e-05
5.397211174822401e-05
4.796123798652165e-05
4.796123798652165e-05
4.666078723463647e-05
2.9725432284022987e-05
0.00022350420217859162
7.838998272353152e-05
6.385895442358655e-05
4.1821945551526674e-07
4.666078723463647e-05
2.1564498780108763e-05
4.1821945551526674e-07
4.1821945551526674e-07
4.1821945551526674e-07
4.1821945551526674e-07
4.1821945551526674e-07
4.1821945551526674e-07
4.1821945551526674e-07
4.1821945551526674e-07
4.1821945551526674e-07
4.1821945551526674e-07
4.1821945551526674e-07
4.1821945551526674e-07
4.1821945551526674e-07
4.1821945551526674e-07
4.1821945551526674e-07
4.1821945551526674e-07
4.1821945551526674e-07
4.1821945551526674e-07
4.1821945551526674e-07
4.1821945551526674e-07
4.1821945551526674e-07
4.1821945551526674e-07
4.1821945551526674e-07
3.0291178746524636e-05
7.919212530911115e-05
0.0002309871053579922
0.00028139742255089696
0.00035160500637010464
0.00036201912199936194
0.00046693689962801937
0.00032559494650050407
0.00031220607875965677
0.00017069273747401294
0.00026938478612209435
0.00036413001603403515
0.00038355789034384675
0.0002561158892805798
0.0003414213099737274
6.680871455440406e-05
5.672895762444332e-05
4.1821945551526674e-07
2.112159305155292e-06
4.1821945551526674e-07
4.1821945551526674e-07
