0.19568735916628419
0.23543526104093848
0.20169924193082897
0.17382554502974282
0.13891996734852563
0.12097994316092095
0.09420673451618383
0.07226951542029098
0.054425636588934415
0.04278364048992635
0.02258507788816991
0.017756295908631183
0.013908844580335337
0.013611998240669197
0.012299466594851465
0.008069521298525523
0.006525099850476593
0.006104316665286051
0.005146063768521306
0.004864465130458931
0.00411724749795121
0.004467847636055881
0.004083577404007167
0.004359968156507519
0.004844888211290228
0.004377784795141642
0.004377784795141642
0.005166724347530129
0.006705756555640919
0.007080514254129722
0.007445112471145236
0.004467847636055881
0.0071079839141605546
0.007163208539988429
0.008069521298525523
0.008069521298525523
0.009459940296598565
0.0073029477531780995
0.0073029477531780995
0.006550639078015694
0.008974473819920836
0.008906962037410326
0.006705756555640919
0.006679678219286961
0.008319394650166083
0.008806541449961727
0.006499649523826324
0.005685346594435422
0.006274552822020435
0.005442138769660085
0.0074738396751538125
0.006653690416724425
0.0061525296471235105
0.005250109815062958
0.005420496772491044
0.005229151508034038
0.004825381725251129
0.009318908238402939
0.008131354686000633
0.007916766324608868
0.005891506475369236
0.006274552822020435
0.002158505336723018
0.005551510977130364
0.143537900574149
0.31893997812305436
0.5033099672919383
0.5363407987255033
0.5696983708593989
0.5749771043650391
0.5388761065406471
0.5276299749414181
0.5010993675812004
0.4541089380191392
0.5053190486129128
0.504200612027127
0.5220467632594787
0.5213269210018214
0.5437487815434366
0.5500056025223825
0.5502687236519216
0.5943354130081795
0.7280788929554048
0.904495141929536
0.9196373118567633
0.8800440471614153
0.6010339335911856
0.1293720183372004
0.03475467052758474
0.009353989856909837
0.0036071965376023056
0.0038866721399602394
0.013958870893501247
0.014160568625864513
0.014728564085050872
0.012077257962951185
0.007707237859848668
0.0057079305489756834
0.0064238292543240235
0.0055736195587775235
0.005938216402502878
0.006499649523826324
0.005730594596212479
0.010231946268576778
0.0034023842833373064
0.015425664615029063
0.0651498214843346
0.5142367877406483
0.5969481071195292
0.6609889468515094
0.728386383050238
0.707357284841406
0.6989592475017351
0.6185184271110739
0.7005157143562653
0.7157326731400175
0.6678162735724151
0.6650211953006843
0.7036270550860696
0.7259247254805997
0.7433666055209948
0.7911476044840297
0.8487003047365966
0.9074134714809394
0.9380641510238366
0.9194733276919188
0.9183189279752891
1.0
0.5865657772438115
0.18276689936709092
0.06648636366148326
0.017571346767413325
0.002130159428541079
0.001711530429580453
0.01696701524905092
0.008543660805613276
0.006225486693596904
0.007445112471145236
0.007053139316229207
0.01054044687103602
0.013368916535361201
0.015046772927125729
0.013368916535361201
0.014059400411394156
0.01763280755621427
0.011516065742239236
0.008674214876091497
0.010501438141308647
0.01077721158265377
0.01483396783378671
0.015425664615029063
0.016266000130362713
0.01970189245134693
0.016094780438785032
0.017571346767413325
0.02004369910998198
0.026790255092968573
0.015046772927125729
0.013224916228032662
0.013759714330294692
0.013908844580335337
0.012121413137375041
0.01114120856684657
0.01038517966287051
0.00870712954159419
0.011815305553728974
0.010737426081278957
0.008974473819920836
0.008906962037410326
0.011516065742239236
0.006348799419033278
0.0040501535367717945
0.0017192872896510238
0.0007166326897645051
0.0006300472849622466
0.001268692284931326
0.0016061241963045575
0.002149019766305547
0.0015555957460850081
0.0023255449252111257
0.0015273538706807768
0.001750625499791944
