0.09918848513626485
0.09759268682697918
0.06922812893354012
0.03196789618916721
0.01763280755621427
0.014211393312948788
0.012299466594851465
0.006917675543123764
0.004134175380177595
0.004083577404007167
0.0017744586042466746
0.001814817020973844
0.0008845574880146694
0.0010490355495979438
0.001043995560956266
0.0007732040245997502
0.000504060432779641
0.0008587040512945132
0.0005377417627940676
0.0003454674415668823
0.00018988688758190964
0.0002448957347829302
6.313036111282722e-05
0.00010982200617147932
0.00014822598926857454
3.491836899647325e-05
8.774128586905785e-06
5.8127525099462624e-05
1.846523262218758e-05
8.326098202658756e-05
7.288144023329351e-05
0.00011658332190212555
1.6854952576662474e-06
5.329120576535909e-05
3.200515897274475e-05
7.838998272353152e-05
9.256233596632511e-05
7.365708741880272e-05
0.0001621830508161896
0.0004542220473359817
0.0004224457305175551
0.0005291553633535824
0.000792877225945585
0.000582395382984946
0.0006170367566425887
0.0007313666888369
0.0009155556871907062
0.000781023257093373
0.0012450663710943638
0.000687909394369356
0.000687909394369356
0.0009110714127946506
0.000646628961050359
0.0003748269751917197
0.0004393293094757356
0.00010054388364771395
0.00018463723327818477
9.784529217673233e-05
4.1821945551526674e-07
4.1821945551526674e-07
7.600650273037106e-05
4.1821945551526674e-07
4.1821945551526674e-07
0.00014263775514800113
2.5842029542925826e-05
4.1821945551526674e-07
4.1821945551526674e-07
4.1821945551526674e-07
4.1821945551526674e-07
4.1821945551526674e-07
4.1821945551526674e-07
4.1821945551526674e-07
4.1821945551526674e-07
4.1821945551526674e-07
0.00012870722034053693
0.00024175527353689227
0.000792877225945585
2.6937980440649776e-05
4.1821945551526674e-07
4.1821945551526674e-07
4.1821945551526674e-07
4.1821945551526674e-07
4.1821945551526674e-07
4.1821945551526674e-07
1.3499666068525922e-05
0.0003047427235255585
4.993576321616549e-05
4.1821945551526674e-07
4.1821945551526674e-07
4.1821945551526674e-07
4.1821945551526674e-07
4.1821945551526674e-07
4.1821945551526674e-07
4.1821945551526674e-07
4.1821945551526674e-07
4.1821945551526674e-07
4.1821945551526674e-07
4.1821945551526674e-07
4.1821945551526674e-07
4.1821945551526674e-07
4.1821945551526674e-07
4.1821945551526674e-07
4.1821945551526674e-07
4.1821945551526674e-07
4.1821945551526674e-07
4.1821945551526674e-07
4.1821945551526674e-07
4.1821945551526674e-07
4.1821945551526674e-07
4.1821945551526674e-07
4.1821945551526674e-07
4.1821945551526674e-07
4.1821945551526674e-07
4.1821945551526674e-07
4.1821945551526674e-07
4.1821945551526674e-07
4.1821945551526674e-07
4.1821945551526674e-07
4.1821945551526674e-07
0.0006138190518854449
0.0013608055211462968
2.5842029542925826e-05
4.1821945551526674e-07
4.1821945551526674e-07
4.1821945551526674e-07
4.1821945551526674e-07
5.1939255681021757e-05
0.00010054388364771395
0.000520680561339854
0.0004643715029189002
0.0007693192390129263
0.00039694916673886784
0.000570201933059511
0.00017069273747401294
0.0001731754152823745
0.0002370980828777443
0.000308457574302207
0.0007202926443020933
0.0009708576355963556
4.1821945551526674e-07
0.00012870722034053693
7.600650273037106e-05
6.02509002271068e-05
4.1821945551526674e-07
4.1821945551526674e-07
4.1821945551526674e-07
4.1821945551526674e-07
4.1821945551526674e-07
4.1821945551526674e-07
4.1821945551526674e-07
4.1821945551526674e-07
4.1821945551526674e-07
4.1821945551526674e-07
4.1821945551526674e-07
4.1821945551526674e-07
4.1821945551526674e-07
4.1821945551526674e-07
4.1821945551526674e-07
4.1821945551526674e-07
4.1821945551526674e-07
4.1821945551526674e-07
4.1821945551526674e-07
4.1821945551526674e-07
4.1821945551526674e-07
4.1821945551526674e-07
4.1821945551526674e-07
4.1821945551526674e-07
4.1821945551526674e-07
4.1821945551526674e-07
4.1821945551526674e-07
4.1821945551526674e-07
4.1821945551526674e-07
4.1821945551526674e-07
4.1821945551526674e-07
4.1821945551526674e-07
4.1821945551526674e-07
4.1821945551526674e-07
4.1821945551526674e-07
4.1821945551526674e-07
4.1821945551526674e-07
4.1821945551526674e-07
4.1821945551526674e-07
4.1821945551526674e-07
4.1821945551526674e-07
4.1821945551526674e-07
4.1821945551526674e-07
4.1821945551526674e-07
4.1821945551526674e-07
4.1821945551526674e-07
4.1821945551526674e-07
4.1821945551526674e-07
4.1821945551526674e-07
4.1821945551526674e-07
0.0005793271690282299
0.0017427441082966187
0.0017038044238819384
0.002111445967228366
0.0025148311732406162
0.0013544880551919598
0.001292707629431915
0.0014188317780883927
0.0014790119279027001
0.0018066811471191301
0.002047090722668239
0.0015627274584292538
0.0016961091618540182
0.001386333584095733
0.0014654487649789815
0.0009021591095687292
0.000501332553446879
0.0004517124903135617
0.00032365633711590086
0.00021331249449299235
0.00010420238076200091
4.1821945551526674e-07
4.1821945551526674e-07
4.1821945551526674e-07
0.08532766037800586
0.5080264702303243
0.6140351414161314
0.6662631238573311
0.775583171858344
0.8684196931650305
0.9550328495721294
0.9856765399832919
0.9856765399832919
0.9897501767660171
1.0
1.0
1.0
1.0
1.0
1.0
1.0
1.0
1.0
1.0
1.0
0.8464963142076021
0.0010339781423582028
0.00028490023520555223
0.00010236444348611713
4.1821945551526674e-07
4.1821945551526674e-07
4.1821945551526674e-07
4.1821945551526674e-07
0.00011756762735174486
0.00033343708727926277
0.0009474773036815275
0.0007202926443020933
0.0003047427235255585
0.00019658704091714873
0.00037051953720218495
0.0006267735858813675
0.00024175527353689227
0.0004224457305175551
0.0004060770801437846
0.0003047427235255585
0.0002762023910397479
0.0007539441433465716
0.001268692284931326
0.0009661424158774787
0.0005948019917762669
0.0006235139684343123
0.0003662503572543451
0.0004986165862316802
0.0005464411068189754
0.0007093595048953729
0.000656750541082985
0.0004224457305175551
0.00030659595969815087
0.00036413001603403515
0.00026268996787294355
0.0006170367566425887
0.00040838448570574925
0.00026938478612209435
0.0001329032663872059
0.0002264767926584861
0.00011560365777229908
3.911842671788757e-05
2.0003396264418724e-05
4.2207575535716617e-05
0.00012458945008389163
0.0001598022438133534
0.0002020597020269302
0.00011269231009596723
0.00032754228984960423
0.0003294984034547105
0.00021619103647832667
0.0004393293094757356
0.0006366371509984116
0.000663571115945747
0.0006985656295900247
0.0004959124833426329
0.0008587040512945132
0.000646628961050359
0.00031789255186428415
0.0003434398430102302
0.0004393293094757356
0.00046693689962801937
0.0004517124903135617
0.00030659595969815087
0.00035782552040111097
0.0003454674415668823
0.0007057461532181393
0.0008129718320947321
0.0006074251700725178
0.0008544582991248565
0.0007276595825308322
0.00030106124730696775
0.00031409303892000344
0.0003314633237433007
0.00024647675643422865
0.00017948396323348096
0.0001756812734667991
6.755508121727497e-05
9.083464954458178e-05
4.1821945551526674e-07
4.796123798652165e-05
6.948664563820461e-06
9.518494464757733e-05
0.00020904403731025734
0.00020904403731025734
