0.21170372126250536
0.14462053040327078
0.11756304025696844
0.021831749936743177
0.005023643032686542
0.0024396521470343145
0.0008008640424062941
0.000501332553446879
0.0002062309774104609
4.1821945551526674e-07
4.1821945551526674e-07
4.1821945551526674e-07
4.1821945551526674e-07
4.1821945551526674e-07
4.1821945551526674e-07
4.1821945551526674e-07
4.1821945551526674e-07
4.1821945551526674e-07
4.1821945551526674e-07
4.1821945551526674e-07
4.1821945551526674e-07
4.1821945551526674e-07
4.1821945551526674e-07
4.1821945551526674e-07
4.1821945551526674e-07
4.1821945551526674e-07
4.1821945551526674e-07
4.1821945551526674e-07
4.1821945551526674e-07
4.1821945551526674e-07
4.1821945551526674e-07
4.1821945551526674e-07
4.1821945551526674e-07
4.1821945551526674e-07
4.1821945551526674e-07
4.1821945551526674e-07
4.1821945551526674e-07
4.1821945551526674e-07
4.1821945551526674e-07
4.1821945551526674e-07
4.1821945551526674e-07
4.1821945551526674e-07
4.1821945551526674e-07
4.1821945551526674e-07
4.1821945551526674e-07
4.1821945551526674e-07
4.1821945551526674e-07
4.1821945551526674e-07
4.1821945551526674e-07
4.1821945551526674e-07
4.1821945551526674e-07
4.1821945551526674e-07
4.1821945551526674e-07
4.1821945551526674e-07
4.1821945551526674e-07
4.1821945551526674e-07
4.1821945551526674e-07
4.1821945551526674e-07
4.1821945551526674e-07
4.1821945551526674e-07
4.1821945551526674e-07
4.1821945551526674e-07
4.1821945551526674e-07
4.1821945551526674e-07
4.1821945551526674e-07
4.1821945551526674e-07
4.1821945551526674e-07
4.1821945551526674e-07
4.1821945551526674e-07
4.1821945551526674e-07
4.1821945551526674e-07
4.1821945551526674e-07
4.1821945551526674e-07
4.1821945551526674e-07
4.1821945551526674e-07
4.1821945551526674e-07
4.1821945551526674e-07
4.1821945551526674e-07
4.1821945551526674e-07
4.1821945551526674e-07
4.1821945551526674e-07
0.012801108195745188
0.1382200361760518
0.2616395713489253
0.5348294312038183
0.674658405443272
0.10107697521791585
0.007589739142927908
4.1821945551526674e-07
4.1821945551526674e-07
4.1821945551526674e-07
4.1821945551526674e-07
4.1821945551526674e-07
4.1821945551526674e-07
4.1821945551526674e-07
4.1821945551526674e-07
4.1821945551526674e-07
4.1821945551526674e-07
4.1821945551526674e-07
4.1821945551526674e-07
4.1821945551526674e-07
4.1821945551526674e-07
4.1821945551526674e-07
4.1821945551526674e-07
4.1821945551526674e-07
4.1821945551526674e-07
4.1821945551526674e-07
4.1821945551526674e-07
4.1821945551526674e-07
4.1821945551526674e-07
4.1821945551526674e-07
4.1821945551526674e-07
4.1821945551526674e-07
4.1821945551526674e-07
4.1821945551526674e-07
4.1821945551526674e-07
4.1821945551526674e-07
4.1821945551526674e-07
4.1821945551526674e-07
4.1821945551526674e-07
4.1821945551526674e-07
4.1821945551526674e-07
4.1821945551526674e-07
4.1821945551526674e-07
4.1821945551526674e-07
4.1821945551526674e-07
4.1821945551526674e-07
4.1821945551526674e-07
4.1821945551526674e-07
4.1821945551526674e-07
4.1821945551526674e-07
4.1821945551526674e-07
4.1821945551526674e-07
4.1821945551526674e-07
4.1821945551526674e-07
4.1821945551526674e-07
4.1821945551526674e-07
4.1821945551526674e-07
4.1821945551526674e-07
4.1821945551526674e-07
4.1821945551526674e-07
4.1821945551526674e-07
4.1821945551526674e-07
4.1821945551526674e-07
4.1821945551526674e-07
4.1821945551526674e-07
4.1821945551526674e-07
4.1821945551526674e-07
4.1821945551526674e-07
0.199370687628514
0.5960759796301107
0.7391052551358646
0.8518532796275898
0.9211027246003163
0.9550328495721294
0.9897501767660171
0.9914481062717828
0.9741831645619589
0.5087084188533953
0.0002249870883307202
4.1821945551526674e-07
4.1821945551526674e-07
4.1821945551526674e-07
4.1821945551526674e-07
4.1821945551526674e-07
4.1821945551526674e-07
4.1821945551526674e-07
4.1821945551526674e-07
4.1821945551526674e-07
4.1821945551526674e-07
4.1821945551526674e-07
4.1821945551526674e-07
4.1821945551526674e-07
4.1821945551526674e-07
4.1821945551526674e-07
4.1821945551526674e-07
4.1821945551526674e-07
4.1821945551526674e-07
4.1821945551526674e-07
4.1821945551526674e-07
4.1821945551526674e-07
4.1821945551526674e-07
4.1821945551526674e-07
4.1821945551526674e-07
4.1821945551526674e-07
4.1821945551526674e-07
4.1821945551526674e-07
4.1821945551526674e-07
4.1821945551526674e-07
4.1821945551526674e-07
4.1821945551526674e-07
4.1821945551526674e-07
4.1821945551526674e-07
4.1821945551526674e-07
4.1821945551526674e-07
4.1821945551526674e-07
4.1821945551526674e-07
4.1821945551526674e-07
4.1821945551526674e-07
4.1821945551526674e-07
4.1821945551526674e-07
4.1821945551526674e-07
4.1821945551526674e-07
4.1821945551526674e-07
4.1821945551526674e-07
4.1821945551526674e-07
4.1821945551526674e-07
4.1821945551526674e-07
4.1821945551526674e-07
4.1821945551526674e-07
4.1821945551526674e-07
4.1821945551526674e-07
4.1821945551526674e-07
4.1821945551526674e-07
4.1821945551526674e-07
4.1821945551526674e-07
4.1821945551526674e-07
4.1821945551526674e-07
4.1821945551526674e-07
4.1821945551526674e-07
4.1821945551526674e-07
4.1821945551526674e-07
4.1821945551526674e-07
4.1821945551526674e-07
4.1821945551526674e-07
4.1821945551526674e-07
4.1821945551526674e-07
4.1821945551526674e-07
4.1821945551526674e-07
4.1821945551526674e-07
4.1821945551526674e-07
4.1821945551526674e-07
4.1821945551526674e-07
4.1821945551526674e-07
4.1821945551526674e-07
4.1821945551526674e-07
4.1821945551526674e-07
4.1821945551526674e-07
4.1821945551526674e-07
4.1821945551526674e-07
4.1821945551526674e-07
4.1821945551526674e-07
4.1821945551526674e-07
4.1821945551526674e-07
4.1821945551526674e-07
4.1821945551526674e-07
4.1821945551526674e-07
4.1821945551526674e-07
4.1821945551526674e-07
4.1821945551526674e-07
4.1821945551526674e-07
4.1821945551526674e-07
4.1821945551526674e-07
4.1821945551526674e-07
4.1821945551526674e-07
4.1821945551526674e-07
4.1821945551526674e-07
4.1821945551526674e-07
4.1821945551526674e-07
4.1821945551526674e-07
4.1821945551526674e-07
4.1821945551526674e-07
4.1821945551526674e-07
4.1821945551526674e-07
4.1821945551526674e-07
4.1821945551526674e-07
4.1821945551526674e-07
4.1821945551526674e-07
4.1821945551526674e-07
4.1821945551526674e-07
4.1821945551526674e-07
4.1821945551526674e-07
4.1821945551526674e-07
4.1821945551526674e-07
4.1821945551526674e-07
4.1821945551526674e-07
4.1821945551526674e-07
4.1821945551526674e-07
4.1821945551526674e-07
4.1821945551526674e-07
4.1821945551526674e-07
4.1821945551526674e-07
4.1821945551526674e-07
4.1821945551526674e-07
4.1821945551526674e-07
4.1821945551526674e-07
4.1821945551526674e-07
4.1821945551526674e-07
4.1821945551526674e-07
4.1821945551526674e-07
4.1821945551526674e-07
4.1821945551526674e-07
4.1821945551526674e-07
4.1821945551526674e-07
4.1821945551526674e-07
0.00036413001603403515
4.1821945551526674e-07
4.1821945551526674e-07
4.1821945551526674e-07
4.1821945551526674e-07
4.1821945551526674e-07
4.1821945551526674e-07
4.1821945551526674e-07
4.1821945551526674e-07
4.1821945551526674e-07
4.1821945551526674e-07
4.1821945551526674e-07
4.1821945551526674e-07
4.1821945551526674e-07
4.1821945551526674e-07
0.7682434977465589
0.03610980286144945
6.830505072691506e-05
4.1821945551526674e-07
4.1821945551526674e-07
4.1821945551526674e-07
4.1821945551526674e-07
4.1821945551526674e-07
4.1821945551526674e-07
0.00013610249935865063
4.1821945551526674e-07
4.1821945551526674e-07
4.1821945551526674e-07
4.1821945551526674e-07
4.1821945551526674e-07
4.1821945551526674e-07
4.1821945551526674e-07
4.1821945551526674e-07
4.1821945551526674e-07
4.1821945551526674e-07
4.1821945551526674e-07
4.1821945551526674e-07
4.1821945551526674e-07
4.1821945551526674e-07
4.1821945551526674e-07
4.1821945551526674e-07
4.1821945551526674e-07
4.1821945551526674e-07
4.1821945551526674e-07
4.1821945551526674e-07
4.1821945551526674e-07
4.1821945551526674e-07
4.1821945551526674e-07
4.1821945551526674e-07
4.1821945551526674e-07
4.1821945551526674e-07
4.1821945551526674e-07
4.1821945551526674e-07
4.1821945551526674e-07
4.1821945551526674e-07
4.1821945551526674e-07
4.1821945551526674e-07
4.1821945551526674e-07
4.1821945551526674e-07
4.1821945551526674e-07
4.1821945551526674e-07
4.1821945551526674e-07
4.1821945551526674e-07
4.1821945551526674e-07
4.1821945551526674e-07
4.1821945551526674e-07
4.1821945551526674e-07
4.1821945551526674e-07
4.1821945551526674e-07
4.1821945551526674e-07
4.1821945551526674e-07
4.1821945551526674e-07
4.1821945551526674e-07
4.1821945551526674e-07
4.1821945551526674e-07
4.1821945551526674e-07
4.1821945551526674e-07
4.1821945551526674e-07
4.1821945551526674e-07
4.1821945551526674e-07
4.1821945551526674e-07
4.1821945551526674e-07
4.1821945551526674e-07
4.1821945551526674e-07
4.1821945551526674e-07
4.1821945551526674e-07
4.1821945551526674e-07
4.1821945551526674e-07
4.1821945551526674e-07
4.1821945551526674e-07
4.1821945551526674e-07
4.1821945551526674e-07
4.1821945551526674e-07
4.1821945551526674e-07
4.1821945551526674e-07
4.1821945551526674e-07
4.1821945551526674e-07
4.1821945551526674e-07
4.1821945551526674e-07
4.1821945551526674e-07
4.1821945551526674e-07
4.1821945551526674e-07
4.1821945551526674e-07
4.1821945551526674e-07
4.1821945551526674e-07
4.1821945551526674e-07
4.1821945551526674e-07
4.1821945551526674e-07
4.1821945551526674e-07
4.1821945551526674e-07
4.1821945551526674e-07
4.1821945551526674e-07
4.1821945551526674e-07
4.1821945551526674e-07
4.1821945551526674e-07
4.1821945551526674e-07
4.1821945551526674e-07
4.1821945551526674e-07
4.1821945551526674e-07
4.1821945551526674e-07
4.1821945551526674e-07
4.1821945551526674e-07
4.1821945551526674e-07
4.1821945551526674e-07
4.1821945551526674e-07
4.1821945551526674e-07
4.1821945551526674e-07
4.1821945551526674e-07
4.1821945551526674e-07
4.1821945551526674e-07
4.1821945551526674e-07
4.1821945551526674e-07
4.1821945551526674e-07
4.1821945551526674e-07
4.1821945551526674e-07
4.1821945551526674e-07
4.1821945551526674e-07
0.0029726968575182616
0.009459940296598565
0.026525289321307374
0.0009521143654081079
0.002305315415151376
0.006104316665286051
0.008974473819920836
0.24448521149727143
0.35204131497207636
0.4377995535450434
0.560136332221023
0.5797502229759071
0.6535638535910273
0.6287656372741072
0.6452471609244674
0.6260423030605339
0.5825793014356951
0.37341952488078506
0.6752809736944682
0.5666701122150924
0.019231944935598724
4.1821945551526674e-07
4.1821945551526674e-07
4.1821945551526674e-07
4.1821945551526674e-07
4.1821945551526674e-07
4.1821945551526674e-07
4.1821945551526674e-07
4.1821945551526674e-07
4.1821945551526674e-07
4.1821945551526674e-07
4.1821945551526674e-07
4.1821945551526674e-07
4.1821945551526674e-07
4.1821945551526674e-07
4.1821945551526674e-07
4.1821945551526674e-07
4.1821945551526674e-07
4.1821945551526674e-07
4.1821945551526674e-07
4.1821945551526674e-07
4.1821945551526674e-07
4.1821945551526674e-07
4.1821945551526674e-07
4.1821945551526674e-07
4.1821945551526674e-07
4.1821945551526674e-07
4.1821945551526674e-07
4.1821945551526674e-07
4.1821945551526674e-07
4.1821945551526674e-07
4.1821945551526674e-07
4.1821945551526674e-07
4.1821945551526674e-07
4.1821945551526674e-07
4.1821945551526674e-07
4.1821945551526674e-07
4.1821945551526674e-07
4.1821945551526674e-07
4.1821945551526674e-07
4.1821945551526674e-07
4.1821945551526674e-07
4.1821945551526674e-07
4.1821945551526674e-07
4.1821945551526674e-07
4.1821945551526674e-07
4.1821945551526674e-07
4.1821945551526674e-07
4.1821945551526674e-07
4.1821945551526674e-07
4.1821945551526674e-07
4.1821945551526674e-07
4.1821945551526674e-07
4.1821945551526674e-07
4.1821945551526674e-07
4.1821945551526674e-07
4.1821945551526674e-07
4.1821945551526674e-07
4.1821945551526674e-07
4.1821945551526674e-07
4.1821945551526674e-07
4.1821945551526674e-07
4.1821945551526674e-07
4.1821945551526674e-07
4.1821945551526674e-07
4.1821945551526674e-07
4.1821945551526674e-07
4.1821945551526674e-07
