0.13856965305490837
0.13579217475744196
0.18017706399078562
0.12511992774477088
0.09523820693305564
0.07957542539928311
0.06291083866415542
0.03365903631773998
0.028993949744326578
0.02416004199763216
0.008100385441667206
0.003822948066157415
0.003141038913760842
0.0024502681563288702
0.0002370980828777443
4.1821945551526674e-07
4.1821945551526674e-07
4.1821945551526674e-07
4.1821945551526674e-07
4.1821945551526674e-07
4.1821945551526674e-07
4.1821945551526674e-07
4.1821945551526674e-07
4.1821945551526674e-07
4.1821945551526674e-07
4.1821945551526674e-07
4.1821945551526674e-07
4.1821945551526674e-07
4.1821945551526674e-07
4.1821945551526674e-07
4.1821945551526674e-07
4.1821945551526674e-07
4.1821945551526674e-07
4.1821945551526674e-07
4.1821945551526674e-07
4.1821945551526674e-07
4.1821945551526674e-07
4.1821945551526674e-07
4.1821945551526674e-07
4.1821945551526674e-07
4.1821945551526674e-07
4.1821945551526674e-07
4.1821945551526674e-07
4.1821945551526674e-07
4.1821945551526674e-07
4.1821945551526674e-07
4.1821945551526674e-07
4.1821945551526674e-07
4.1821945551526674e-07
4.1821945551526674e-07
4.1821945551526674e-07
4.1821945551526674e-07
4.1821945551526674e-07
4.1821945551526674e-07
4.1821945551526674e-07
4.1821945551526674e-07
4.1821945551526674e-07
4.1821945551526674e-07
0.0005178801959965072
0.0015698878756208125
0.0018559835865508225
0.0024716234564721475
0.0014995630139813336
0.00019254837936965512
4.1821945551526674e-07
4.1821945551526674e-07
4.1821945551526674e-07
4.1821945551526674e-07
4.1821945551526674e-07
4.1821945551526674e-07
4.1821945551526674e-07
4.1821945551526674e-07
4.1821945551526674e-07
0.0001297488399264648
0.0032625123172703506
0.006576267476927634
0.007648287406453735
0.005662842484725026
0.005334695579377829
0.0011989599745777168
0.00020344372183440834
4.1821945551526674e-07
4.1821945551526674e-07
4.1821945551526674e-07
4.1821945551526674e-07
4.1821945551526674e-07
4.1821945551526674e-07
4.1821945551526674e-07
4.1821945551526674e-07
3.374452061566211e-05
0.00026435227366281293
0.0002020597020269302
7.210951080430608e-05
2.112159305155292e-06
4.1821945551526674e-07
4.1821945551526674e-07
4.1821945551526674e-07
4.1821945551526674e-07
4.1821945551526674e-07
4.1821945551526674e-07
4.1821945551526674e-07
4.1821945551526674e-07
4.1821945551526674e-07
4.1821945551526674e-07
4.1821945551526674e-07
4.1821945551526674e-07
1.0636248147226564e-05
5.9539684819780406e-05
3.491836899647325e-05
2.112159305155292e-06
1.2535711790445848e-05
0.00010512791409933538
0.00018594054607975617
6.02509002271068e-05
0.00032365633711590086
0.00024019577330216922
0.0002831448609834668
0.00018988688758190964
6.905863929706567e-05
0.0002370980828777443
0.0006138190518854449
0.004395666463988848
0.012389358500156971
0.02643747455727763
0.031454679006646856
0.024816318623066904
0.02297017706119158
0.009145248970350673
0.008839902469956445
0.008100385441667206
0.0038866721399602394
0.0026713994826009653
0.000680880909922902
0.000656750541082985
0.0003992159717088013
0.00043445202639833
0.0006074251700725178
0.0011488689510933416
0.0011820565635687714
0.0005348671470728068
4.796123798652165e-05
4.1821945551526674e-07
4.1821945551526674e-07
4.1821945551526674e-07
4.1821945551526674e-07
4.1821945551526674e-07
4.1821945551526674e-07
4.1821945551526674e-07
4.1821945551526674e-07
4.1821945551526674e-07
4.1821945551526674e-07
4.1821945551526674e-07
4.1821945551526674e-07
4.1821945551526674e-07
4.1821945551526674e-07
4.1821945551526674e-07
4.1821945551526674e-07
4.1821945551526674e-07
4.1821945551526674e-07
4.1821945551526674e-07
4.1821945551526674e-07
4.1821945551526674e-07
4.1821945551526674e-07
4.1821945551526674e-07
4.1821945551526674e-07
4.1821945551526674e-07
4.1821945551526674e-07
4.1821945551526674e-07
4.1821945551526674e-07
4.1821945551526674e-07
4.1821945551526674e-07
4.1821945551526674e-07
4.1821945551526674e-07
4.1821945551526674e-07
4.1821945551526674e-07
4.1821945551526674e-07
4.1821945551526674e-07
4.1821945551526674e-07
4.1821945551526674e-07
4.1821945551526674e-07
4.1821945551526674e-07
4.1821945551526674e-07
4.1821945551526674e-07
4.1821945551526674e-07
4.1821945551526674e-07
4.1821945551526674e-07
4.1821945551526674e-07
4.1821945551526674e-07
4.1821945551526674e-07
0.00014263775514800113
0.0005068002721936703
0.001210345160578955
0.005023643032686542
0.002225950654857857
0.0002956010048399243
4.717351414020623e-06
4.1821945551526674e-07
4.1821945551526674e-07
2.2618135368530962e-05
0.0004393293094757356
0.0005552547571079081
0.002158505336723018
0.00465295623504171
0.01684836625327007
0.012077257962951185
0.009318908238402939
0.009353989856909837
0.025658437795748404
0.030251893828650726
0.013908844580335337
0.0020290255764019187
0.000504060432779641
0.00024806501272491634
0.00020344372183440834
0.00014374495584751581
0.0003924456563210816
0.0004037798870148761
5.329120576535909e-05
4.1821945551526674e-07
4.1821945551526674e-07
4.1821945551526674e-07
4.1821945551526674e-07
4.1821945551526674e-07
4.1821945551526674e-07
4.1821945551526674e-07
2.421818204057534e-05
4.1821945551526674e-07
1.5951746064151342e-05
4.1821945551526674e-07
4.1821945551526674e-07
4.1821945551526674e-07
4.1821945551526674e-07
4.1821945551526674e-07
4.1821945551526674e-07
4.1821945551526674e-07
4.1821945551526674e-07
4.1821945551526674e-07
4.1821945551526674e-07
4.1821945551526674e-07
4.1821945551526674e-07
4.1821945551526674e-07
4.1821945551526674e-07
4.1821945551526674e-07
4.1821945551526674e-07
4.1821945551526674e-07
4.1821945551526674e-07
4.1821945551526674e-07
4.1821945551526674e-07
4.1821945551526674e-07
4.1821945551526674e-07
4.1821945551526674e-07
4.1821945551526674e-07
4.1821945551526674e-07
4.1821945551526674e-07
4.1821945551526674e-07
4.1821945551526674e-07
4.1821945551526674e-07
4.1821945551526674e-07
4.1821945551526674e-07
4.1821945551526674e-07
4.1821945551526674e-07
4.1821945551526674e-07
4.1821945551526674e-07
4.1821945551526674e-07
4.1821945551526674e-07
4.1821945551526674e-07
4.1821945551526674e-07
4.1821945551526674e-07
4.1821945551526674e-07
4.1821945551526674e-07
4.1821945551526674e-07
4.1821945551526674e-07
4.1821945551526674e-07
4.1821945551526674e-07
4.1821945551526674e-07
4.1821945551526674e-07
4.1821945551526674e-07
4.1821945551526674e-07
4.1821945551526674e-07
4.1821945551526674e-07
4.1821945551526674e-07
4.1821945551526674e-07
4.1821945551526674e-07
4.1821945551526674e-07
4.1821945551526674e-07
4.1821945551526674e-07
0.00013396466984619265
0.00015394651779406768
0.0002279733441721462
4.1821945551526674e-07
4.1821945551526674e-07
4.1821945551526674e-07
9.430657331474499e-05
0.00014263775514800113
0.0004393293094757356
0.0007093595048953729
0.008100385441667206
0.013710319066817507
0.010156085100450843
0.029665558304877913
0.05557527323697445
0.13648238347839922
0.19025940045088013
0.14570956522605602
0.06346445782629473
0.03634001503536974
0.009531165294286251
0.002305315415151376
0.0014790119279027001
0.0004695136004138804
8.912336769799859e-05
1.3499666068525922e-05
4.1821945551526674e-07
4.1821945551526674e-07
4.1821945551526674e-07
4.1821945551526674e-07
4.1821945551526674e-07
4.1821945551526674e-07
4.1821945551526674e-07
4.1821945551526674e-07
4.1821945551526674e-07
4.1821945551526674e-07
4.1821945551526674e-07
4.1821945551526674e-07
4.1821945551526674e-07
4.1821945551526674e-07
4.1821945551526674e-07
4.1821945551526674e-07
4.1821945551526674e-07
4.1821945551526674e-07
4.1821945551526674e-07
4.1821945551526674e-07
4.1821945551526674e-07
4.1821945551526674e-07
4.1821945551526674e-07
0.000646628961050359
0.0006106152079360141
0.0006170367566425887
0.0003748269751917197
0.00035574273565322127
0.0004224457305175551
0.00020904403731025734
0.000573230496605312
0.001292707629431915
0.0015627274584292538
0.003698292419976449
0.002580902805480485
0.0042197512019429475
0.004202510508154393
0.00605644129775122
0.0116862266914643
0.01678931583788784
0.013563071837964664
0.009008400111535898
0.00803876194796727
0.006348799419033278
0.0033178329878246187
0.0016282171729369635
0.00036201912199936194
0.00017442543432576272
0.00014822598926857454
0.00010054388364771395
7.401631324762366e-06
3.4330008688587323e-05
4.1821945551526674e-07
4.1821945551526674e-07
4.1821945551526674e-07
4.1821945551526674e-07
4.1821945551526674e-07
4.1821945551526674e-07
4.1821945551526674e-07
4.1821945551526674e-07
4.1821945551526674e-07
4.1821945551526674e-07
4.1821945551526674e-07
4.1821945551526674e-07
4.1821945551526674e-07
4.1821945551526674e-07
4.1821945551526674e-07
4.1821945551526674e-07
4.1821945551526674e-07
4.1821945551526674e-07
4.1821945551526674e-07
4.1821945551526674e-07
4.1821945551526674e-07
4.1821945551526674e-07
4.1821945551526674e-07
4.1821945551526674e-07
4.1821945551526674e-07
4.1821945551526674e-07
4.1821945551526674e-07
4.1821945551526674e-07
4.1821945551526674e-07
4.1821945551526674e-07
4.1821945551526674e-07
4.1821945551526674e-07
4.1821945551526674e-07
4.1821945551526674e-07
4.1821945551526674e-07
0.0003159885181265808
0.0004905396802356355
0.0002249870883307202
0.0002660221573319983
0.00036201912199936194
0.000646628961050359
0.005914820262988942
0.011182318071469745
0.0322792818401715
0.04495272174900167
0.013710319066817507
0.0858022281736776
0.22663476711984487
0.2220756507350837
0.10863607483126267
0.17719123547512
0.07890718073377626
0.04358634993802738
0.01225473752907891
0.002047090722668239
0.0002309871053579922
0.0004442498386152374
0.00031980517575135476
0.0001329032663872059
0.00012663863619487018
0.00015394651779406768
0.0011820565635687714
0.002206492409109143
0.0017585383043655842
0.0005916801702416853
0.0004320294927018021
0.0005068002721936703
0.0004932201971600888
0.00010699220717677692
0.00010699220717677692
0.00019931074202002955
0.00011269231009596723
0.00014374495584751581
0.0004224457305175551
0.0005762722244460322
4.1821945551526674e-07
4.1821945551526674e-07
4.1821945551526674e-07
4.1821945551526674e-07
4.1821945551526674e-07
4.1821945551526674e-07
4.1821945551526674e-07
4.1821945551526674e-07
4.1821945551526674e-07
4.1821945551526674e-07
4.1821945551526674e-07
4.1821945551526674e-07
4.1821945551526674e-07
4.1821945551526674e-07
4.1821945551526674e-07
4.1821945551526674e-07
4.1821945551526674e-07
4.1821945551526674e-07
4.1821945551526674e-07
4.1821945551526674e-07
4.1821945551526674e-07
4.1821945551526674e-07
4.1821945551526674e-07
4.1821945551526674e-07
4.1821945551526674e-07
4.1821945551526674e-07
4.1821945551526674e-07
4.1821945551526674e-07
4.1821945551526674e-07
4.1821945551526674e-07
