0.12447575744777349
0.12097994316092095
0.04852902673760691
0.023203975309233977
0.01598151731797469
0.011643478914778757
0.0055736195587775235
0.0019581680828902135
0.0018066811471191301
0.0014587081515780988
0.000694998337551608
0.0002577482003649342
0.00010982200617147932
8.408650382495522e-05
4.1821945551526674e-07
4.1821945551526674e-07
4.1821945551526674e-07
4.1821945551526674e-07
4.1821945551526674e-07
4.1821945551526674e-07
4.1821945551526674e-07
4.1821945551526674e-07
4.1821945551526674e-07
4.1821945551526674e-07
4.1821945551526674e-07
4.1821945551526674e-07
4.1821945551526674e-07
4.1821945551526674e-07
4.1821945551526674e-07
4.1821945551526674e-07
4.1821945551526674e-07
4.1821945551526674e-07
4.1821945551526674e-07
4.1821945551526674e-07
4.1821945551526674e-07
1.2609572153005154e-06
8.326098202658756e-05
6.680871455440406e-05
0.00011855659456442669
0.0005234931781946105
0.0008889301977246149
0.00029741286861591893
0.0002249870883307202
9.169643306447382e-05
0.00013503107354289674
6.313036111282722e-05
1.398523749888997e-05
4.717351414020623e-06
1.846523262218758e-05
4.1821945551526674e-07
4.1821945551526674e-07
4.1821945551526674e-07
4.1821945551526674e-07
4.1821945551526674e-07
4.1821945551526674e-07
4.1821945551526674e-07
4.1821945551526674e-07
4.1821945551526674e-07
4.1821945551526674e-07
4.1821945551526674e-07
4.1821945551526674e-07
4.1821945551526674e-07
4.1821945551526674e-07
4.1821945551526674e-07
4.1821945551526674e-07
4.1821945551526674e-07
4.1821945551526674e-07
4.1821945551526674e-07
4.1821945551526674e-07
4.1821945551526674e-07
4.1821945551526674e-07
4.1821945551526674e-07
4.1821945551526674e-07
4.1821945551526674e-07
4.1821945551526674e-07
4.1821945551526674e-07
4.1821945551526674e-07
5.603214164861691e-06
4.1821945551526674e-07
4.1821945551526674e-07
4.1821945551526674e-07
4.1821945551526674e-07
4.1821945551526674e-07
4.1821945551526674e-07
4.1821945551526674e-07
4.1821945551526674e-07
4.1821945551526674e-07
4.1821945551526674e-07
4.1821945551526674e-07
4.1821945551526674e-07
4.1821945551526674e-07
4.1821945551526674e-07
4.1821945551526674e-07
4.1821945551526674e-07
4.1821945551526674e-07
0.00012870722034053693
0.00018988688758190964
0.00022350420217859162
0.0001493594193483699
0.00032754228984960423
0.00013503107354289674
0.00013610249935865063
8.326098202658756e-05
0.0003662503572543451
0.0001756812734667991
0.0005582182793898238
0.0009947311293911074
0.0045410861370690616
0.013035049475121997
0.10494144893783873
0.6740359169784219
0.7802377020136604
0.805164494491819
0.7299228726858158
0.6149298403942045
0.5222871442951105
0.3873982296109166
0.32090221397781965
0.33893956249792084
0.33150889885155843
0.41481983920432713
0.516343027659092
0.534327289153295
0.30291211678527874
0.4758712733618237
0.45576052405535267
0.21857713131621137
0.22868318621939202
0.18103719961415113
0.10382531116515777
0.06163476383825993
0.012033245279124131
0.004559562564015016
0.0015842952420718158
0.0018895084707577679
0.0018476849267502124
0.0029726968575182616
0.002285242314654092
0.004377784795141642
0.0025920636150678794
0.0022752640787403727
0.0012046408852339557
0.00041771707015121607
0.00037699513950966535
0.00020904403731025734
0.0002309871053579922
0.00020068205114377293
0.00026938478612209435
0.0003857650264925249
0.0006106152079360141
0.0005523040883263442
0.00021909616434388082
0.00014153573219890015
0.00026435227366281293
4.096286922450232e-05
6.0965559969700685e-05
0.0001393471296450617
7.401631324762366e-06
4.409752831835428e-05
0.0001609898722544984
9.606750913543733e-05
0.00034750414317488595
0.00037699513950966535
0.0003374112910335575
0.000582395382984946
0.0007166326897645051
0.000656750541082985
0.0006670034322742025
0.0008672494103550535
0.0007388284839669272
0.0010290005552960541
0.0008460203056030955
0.0007350896353687716
0.001216072887755613
0.0014587081515780988
0.0008758670369851418
0.0009567708552478629
0.0010240436120892652
0.0005493662218883016
0.0006914462789859401
0.0012450663710943638
0.001292707629431915
0.0010490355495979438
0.0010745514519462358
0.0007202926443020933
0.000985121951206015
0.0007654509217765763
0.000646628961050359
0.000663571115945747
0.00038355789034384675
0.0005582182793898238
0.0005263180957454422
0.0008933213240646586
0.0007388284839669272
0.00047470109744106635
0.0004130301013945983
4.1821945551526674e-07
0.0001297488399264648
0.0007771053425490303
0.08509118616098783
0.32617574950371686
0.5848536588818696
0.7117035052988606
0.6302817708874717
0.5500056025223825
0.38368655757391273
0.21857713131621137
0.060915365604160145
0.04509134261217809
0.03508928570560278
0.009968613051259316
0.011306454758031572
0.008414858717085034
0.003822948066157415
0.0009336819500010559
0.0007463541357962739
0.0008802031245002676
0.004690789790075773
0.0018979728428437986
0.0016356406669186584
0.0009947311293911074
0.0001682330409901979
7.600650273037106e-05
0.0001276704928846307
0.0001769429578319006
0.0002370980828777443
0.0001952345951331162
0.0002831448609834668
0.0002660221573319983
0.0005406289277940763
0.00047470109744106635
0.0004878708852915705
8.162174125383187e-05
0.0003454674415668823
0.00031980517575135476
0.00021619103647832667
0.00019794574759606317
0.00010887426571354678
4.1821945551526674e-07
4.1821945551526674e-07
4.1821945551526674e-07
4.1821945551526674e-07
4.1821945551526674e-07
4.1821945551526674e-07
4.1821945551526674e-07
4.1821945551526674e-07
4.1821945551526674e-07
4.1821945551526674e-07
4.1821945551526674e-07
4.1821945551526674e-07
4.1821945551526674e-07
4.1821945551526674e-07
4.1821945551526674e-07
0.0014995630139813336
0.025744000379821316
0.10606727212672692
0.13373809723448035
0.30861562151742056
0.26334480439081814
0.20928860749469635
0.19115601747886377
0.13613693336641128
0.08943096785230761
0.030548800351232794
0.012662533035881334
0.011558398822854333
0.006837515874981506
0.0021775879297759155
0.002503966746635501
0.0028365867287181838
0.004767282638598045
0.0040501535367717945
0.00274111447497336
0.0025920636150678794
0.0010141913458926821
0.0009200588058659779
0.0014254107963574383
0.0012987729931373108
0.0008008640424062941
0.0004248258015285538
0.000646628961050359
0.00047731198571059345
0.0002370980828777443
8.658688627788707e-05
4.1821945551526674e-07
4.1821945551526674e-07
4.1821945551526674e-07
4.1821945551526674e-07
4.1821945551526674e-07
4.1821945551526674e-07
4.1821945551526674e-07
4.1821945551526674e-07
4.1821945551526674e-07
4.1821945551526674e-07
4.1821945551526674e-07
4.1821945551526674e-07
4.1821945551526674e-07
4.1821945551526674e-07
4.1821945551526674e-07
4.1821945551526674e-07
4.1821945551526674e-07
4.1821945551526674e-07
4.1821945551526674e-07
4.1821945551526674e-07
4.1821945551526674e-07
4.1821945551526674e-07
2.112159305155292e-06
1.897542464599091e-05
2.0003396264418724e-05
4.1821945551526674e-07
4.1821945551526674e-07
4.1821945551526674e-07
4.1821945551526674e-07
4.1821945551526674e-07
4.1821945551526674e-07
4.1821945551526674e-07
4.1821945551526674e-07
4.1821945551526674e-07
4.1821945551526674e-07
4.1821945551526674e-07
4.1821945551526674e-07
4.1821945551526674e-07
4.1821945551526674e-07
4.1821945551526674e-07
4.1821945551526674e-07
4.1821945551526674e-07
4.1821945551526674e-07
4.1821945551526674e-07
4.1821945551526674e-07
3.85095889862212e-05
0.00015049816406288805
0.0002264767926584861
0.00033343708727926277
0.0003726684542666927
0.00012255949279482532
7.521960187700902e-05
4.096286922450232e-05
2.9719053644181457e-06
4.1821945551526674e-07
4.1821945551526674e-07
4.1821945551526674e-07
4.1821945551526674e-07
4.1821945551526674e-07
4.1821945551526674e-07
4.473367325742414e-05
0.0002577482003649342
0.0034888536583252924
0.012479831415865695
0.033229185265470584
0.1354481068050532
0.17676780804117473
0.19844497794967433
0.17676780804117473
0.11125482533224952
0.09918848513626485
0.07456968825568903
0.05557527323697445
0.034203077512122884
0.015425664615029063
0.01054044687103602
0.005420496772491044
0.0010490355495979438
0.000742583296686175
0.0016356406669186584
0.0017985774832454263
0.00047470109744106635
0.0006843876243851368
0.0005377417627940676
0.0003726684542666927
0.0003726684542666927
0.00041771707015121607
0.0003314633237433007
0.00031789255186428415
2.860223332022215e-05
4.1821945551526674e-07
4.1821945551526674e-07
4.1821945551526674e-07
4.1821945551526674e-07
4.1821945551526674e-07
4.1821945551526674e-07
4.1821945551526674e-07
4.1821945551526674e-07
4.1821945551526674e-07
4.1821945551526674e-07
4.1821945551526674e-07
4.1821945551526674e-07
4.1821945551526674e-07
4.1821945551526674e-07
4.1821945551526674e-07
4.1821945551526674e-07
4.1821945551526674e-07
4.1821945551526674e-07
4.1821945551526674e-07
4.1821945551526674e-07
4.1821945551526674e-07
4.1821945551526674e-07
4.1821945551526674e-07
4.1821945551526674e-07
4.1821945551526674e-07
1.897542464599091e-05
2.112159305155292e-06
3.200515897274475e-05
3.911842671788757e-05
0.0003217264255398145
0.00037917298689933097
0.0002676996508035356
0.0004986165862316802
4.1821945551526674e-07
4.1821945551526674e-07
4.1821945551526674e-07
4.1821945551526674e-07
4.1821945551526674e-07
4.1821945551526674e-07
4.1821945551526674e-07
4.1821945551526674e-07
4.1821945551526674e-07
4.1821945551526674e-07
4.1821945551526674e-07
4.1821945551526674e-07
4.1821945551526674e-07
4.927438898930533e-05
0.0017824663261809626
0.005313435785604869
0.05410087669986722
0.5015396540659302
0.4040103210881749
0.24072836307072484
0.14174768963009096
0.014262378958243262
0.004000475928227118
0.001079718382396084
0.0026944603340796295
0.0009336819500010559
0.00037699513950966535
0.0017192872896510238
0.0024396521470343145
0.0029853544891412036
0.007560615088049959
0.014676110372052551
0.293571750795484
0.3911335297428701
0.1925069623479595
0.023047880477860005
0.005043863982886897
0.001221824154191636
0.00047470109744106635
0.00014485735688594262
0.00012458945008389163
0.00015049816406288805
0.00035160500637010464
0.0004932201971600888
0.00037699513950966535
0.0006366371509984116
0.0009995658363664576
0.0011434169565823187
0.0006670034322742025
0.001105876213862849
0.0004878708852915705
0.0005611947065115004
0.0005377417627940676
0.0003028978309597897
0.0001516422465441735
7.919212530911115e-05
3.5509614705562055e-05
8.912336769799859e-05
4.0345053192032316e-05
8.827383307993124e-05
0.0001235720783596293
0.00012155167244851496
0.00014043886450120028
0.00015049816406288805
0.0005406289277940763
0.00020068205114377293
3.911842671788757e-05
2.6937980440649776e-05
1.5456462989396356e-05
2.9725432284022987e-05
7.856857206639839e-06
7.365708741880272e-05
9.96400723984018e-05
6.02509002271068e-05
2.749000873286707e-05
4.1821945551526674e-07
4.1821945551526674e-07
4.1821945551526674e-07
4.1821945551526674e-07
4.1821945551526674e-07
4.1821945551526674e-07
4.1821945551526674e-07
4.1821945551526674e-07
4.1821945551526674e-07
4.1821945551526674e-07
4.1821945551526674e-07
4.1821945551526674e-07
4.1821945551526674e-07
4.1821945551526674e-07
4.1821945551526674e-07
1.398523749888997e-05
4.1821945551526674e-07
6.830505072691506e-05
5.9539684819780406e-05
0.00020344372183440834
0.00015510675328657192
0.0001516422465441735
0.00026268996787294355
0.0003495499855054227
0.0002448957347829302
0.0004517124903135617
0.00018594054607975617
0.0004320294927018021
4.1821945551526674e-07
4.1821945551526674e-07
4.1821945551526674e-07
4.1821945551526674e-07
4.1821945551526674e-07
4.1821945551526674e-07
4.1821945551526674e-07
4.1821945551526674e-07
4.1821945551526674e-07
4.1821945551526674e-07
4.1821945551526674e-07
4.1821945551526674e-07
1.016724434801614e-05
8.574943824308297e-05
0.00024332191727649788
0.00019254837936965512
0.00041771707015121607
0.0002610352081605856
0.0009755925812878291
0.0031676786338159586
0.0023154105509331363
0.002111445967228366
0.002525737504588861
0.0021775879297759155
0.000656750541082985
0.0007693192390129263
0.0012987729931373108
0.0022653245389246185
0.0042197512019429475
0.1399751031411294
0.4195091687679953
0.5455620731543178
0.563118317943613
0.5481691338505079
0.5208481119909574
0.3690760163464839
0.30102752240075076
0.2571314000972158
0.25601322505583635
0.16764776140199128
0.12904091145243118
0.09838795584497347
0.07478176978846923
0.01520813855452309
0.014416305945675022
0.005463857926285648
0.002922543370001297
0.0005406289277940763
0.00010420238076200091
4.1821945551526674e-07
4.1821945551526674e-07
4.1821945551526674e-07
4.1821945551526674e-07
4.1821945551526674e-07
4.1821945551526674e-07
6.497946417084116e-06
1.398523749888997e-05
1.0636248147226564e-05
4.1821945551526674e-07
5.1939255681021757e-05
6.948664563820461e-06
3.670081527016355e-05
4.1821945551526674e-07
4.1821945551526674e-07
4.1821945551526674e-07
4.1821945551526674e-07
4.1821945551526674e-07
4.1821945551526674e-07
4.1821945551526674e-07
2.209001896969392e-05
4.1821945551526674e-07
2.3682204830817788e-05
4.1821945551526674e-07
5.534386022694787e-05
4.1821945551526674e-07
7.443646904807915e-05
6.532672524703607e-05
0.00010328123033177369
6.497946417084116e-06
4.1821945551526674e-07
4.1821945551526674e-07
4.1821945551526674e-07
4.1821945551526674e-07
4.1821945551526674e-07
4.1821945551526674e-07
4.1821945551526674e-07
4.1821945551526674e-07
4.1821945551526674e-07
4.1821945551526674e-07
4.1821945551526674e-07
4.1821945551526674e-07
4.1821945551526674e-07
4.1821945551526674e-07
4.1821945551526674e-07
4.1821945551526674e-07
4.1821945551526674e-07
4.1821945551526674e-07
4.1821945551526674e-07
4.1821945551526674e-07
4.1821945551526674e-07
4.1821945551526674e-07
4.1821945551526674e-07
4.1821945551526674e-07
4.1821945551526674e-07
4.1821945551526674e-07
4.1821945551526674e-07
4.1821945551526674e-07
4.1821945551526674e-07
4.1821945551526674e-07
4.1821945551526674e-07
4.1821945551526674e-07
4.1821945551526674e-07
2.112159305155292e-06
4.1821945551526674e-07
4.1821945551526674e-07
7.856857206639839e-06
1.5456462989396356e-05
4.1821945551526674e-07
9.518494464757733e-05
6.755508121727497e-05
0.00013717896926209862
4.1821945551526674e-07
4.1821945551526674e-07
4.1821945551526674e-07
4.927438898930533e-05
8.408650382495522e-05
8.774128586905785e-06
4.1821945551526674e-07
0.00030106124730696775
0.0005493662218883016
0.0007350896353687716
0.00038355789034384675
0.0003314633237433007
0.0005979373486675574
0.0005234931781946105
0.0005263180957454422
0.0007693192390129263
0.000985121951206015
0.0010901166359383653
0.0011933023417513887
0.001079718382396084
0.0009708576355963556
0.0007693192390129263
0.0005948019917762669
0.000308457574302207
0.0003495499855054227
0.0002076342680384362
0.0002577482003649342
9.430657331474499e-05
0.00013503107354289674
3.790371682666185e-05
9.606750913543733e-05
4.1821945551526674e-07
4.717351414020623e-06
4.1821945551526674e-07
4.1821945551526674e-07
4.1821945551526674e-07
4.1821945551526674e-07
4.1821945551526674e-07
3.3161891666773284e-05
4.1821945551526674e-07
4.1821945551526674e-07
4.1821945551526674e-07
4.1821945551526674e-07
4.1821945551526674e-07
4.1821945551526674e-07
4.1821945551526674e-07
4.1821945551526674e-07
4.1821945551526674e-07
4.1821945551526674e-07
4.1821945551526674e-07
4.1821945551526674e-07
4.1821945551526674e-07
4.1821945551526674e-07
4.1821945551526674e-07
4.1821945551526674e-07
4.1821945551526674e-07
4.1821945551526674e-07
4.1821945551526674e-07
0.0008376532040222524
0.006784537515717246
0.07309903183437604
0.3633374941126606
0.5168135134938253
0.3851683913191673
0.3669169985569871
0.2256156768085814
0.15275696997183089
0.12641623544875102
0.1310376872255579
0.13717536159484794
0.08943096785230761
0.1581180716057378
0.11096136680267212
0.0858022281736776
0.12447575744777349
0.24556644643749515
0.5837152608671883
0.30797821052269847
0.023518932496686518
0.00023402860621486534
4.1821945551526674e-07
4.1821945551526674e-07
4.1821945551526674e-07
8.827383307993124e-05
4.1821945551526674e-07
4.1821945551526674e-07
4.1821945551526674e-07
4.1821945551526674e-07
4.1821945551526674e-07
4.1821945551526674e-07
4.1821945551526674e-07
4.1821945551526674e-07
4.1821945551526674e-07
4.1821945551526674e-07
4.1821945551526674e-07
4.1821945551526674e-07
4.1821945551526674e-07
4.1821945551526674e-07
4.1821945551526674e-07
4.1821945551526674e-07
4.1821945551526674e-07
4.1821945551526674e-07
4.1821945551526674e-07
4.1821945551526674e-07
4.1821945551526674e-07
4.1821945551526674e-07
4.1821945551526674e-07
4.1821945551526674e-07
4.1821945551526674e-07
4.1821945551526674e-07
4.1821945551526674e-07
0.00028666357850053626
0.0014386489910780133
0.0014386489910780133
