0.1127315022082311
0.09420673451618383
0.0638357968422334
0.04225553480102912
0.037510072744120125
0.027598984875370033
0.01769445710892179
0.01054044687103602
0.00894066123802762
0.006323963880706841
0.002158505336723018
0.001598818683788899
0.0008802031245002676
0.000582395382984946
0.0004130301013945983
0.00032559494650050407
0.00022202810530335486
0.00018463723327818477
0.0002279733441721462
0.00013717896926209862
0.00014485735688594262
5.329120576535909e-05
2.3682204830817788e-05
4.1821945551526674e-07
4.1821945551526674e-07
4.1821945551526674e-07
4.1821945551526674e-07
4.1821945551526674e-07
4.1821945551526674e-07
4.1821945551526674e-07
4.1821945551526674e-07
4.1821945551526674e-07
4.1821945551526674e-07
4.1821945551526674e-07
4.1821945551526674e-07
4.1821945551526674e-07
4.1821945551526674e-07
4.1821945551526674e-07
4.1821945551526674e-07
4.1821945551526674e-07
4.1821945551526674e-07
4.1821945551526674e-07
4.1821945551526674e-07
4.1821945551526674e-07
4.1821945551526674e-07
4.1821945551526674e-07
4.1821945551526674e-07
4.1821945551526674e-07
4.1821945551526674e-07
4.1821945551526674e-07
4.1821945551526674e-07
4.1821945551526674e-07
4.1821945551526674e-07
4.1821945551526674e-07
4.1821945551526674e-07
4.1821945551526674e-07
4.1821945551526674e-07
4.1821945551526674e-07
4.1821945551526674e-07
4.1821945551526674e-07
4.1821945551526674e-07
4.1821945551526674e-07
4.1821945551526674e-07
4.1821945551526674e-07
4.1821945551526674e-07
4.1821945551526674e-07
7.600650273037106e-05
0.0017427441082966187
0.002729384005579416
0.005685346594435422
0.008974473819920836
0.010080723829419325
0.009747708853461264
0.007135548580993752
0.0068908629982372405
0.004728898006598107
0.0024931440806811476
0.0013232833031632373
0.0006267735858813675
0.0004986165862316802
0.0005793271690282299
0.0008170420431812172
0.0009567708552478629
0.001432016501392575
0.0022455610096277457
0.020885296644870134
0.07780373941923341
0.037273510113372876
0.004467847636055881
0.0002544909982708175
1.5456462989396356e-05
2.209001896969392e-05
4.1821945551526674e-07
4.1821945551526674e-07
4.1821945551526674e-07
4.1821945551526674e-07
4.1821945551526674e-07
4.1821945551526674e-07
4.1821945551526674e-07
4.1821945551526674e-07
4.1821945551526674e-07
4.1821945551526674e-07
4.1821945551526674e-07
4.1821945551526674e-07
4.1821945551526674e-07
4.1821945551526674e-07
4.1821945551526674e-07
4.1821945551526674e-07
4.1821945551526674e-07
4.1821945551526674e-07
4.1821945551526674e-07
4.1821945551526674e-07
4.1821945551526674e-07
4.1821945551526674e-07
4.1821945551526674e-07
4.1821945551526674e-07
8.912336769799859e-05
0.006104316665286051
0.020672050504395138
0.02880449622916797
0.016266000130362713
0.002335718674598874
0.0008008640424062941
0.00028139742255089696
4.1821945551526674e-07
4.1821945551526674e-07
4.1821945551526674e-07
4.1821945551526674e-07
4.1821945551526674e-07
4.1821945551526674e-07
4.1821945551526674e-07
4.1821945551526674e-07
4.1821945551526674e-07
4.1821945551526674e-07
4.1821945551526674e-07
4.1821945551526674e-07
4.1821945551526674e-07
4.1821945551526674e-07
4.1821945551526674e-07
0.0003414213099737274
0.0009021591095687292
0.0015343718000682802
0.0018394190568042593
0.0026944603340796295
0.0019407995573962398
0.002139571173391089
0.003760158882337147
0.0055736195587775235
0.004786579161053152
0.012479831415865695
0.011989374694640025
0.02146338538147972
0.020320871594929728
0.05410087669986722
0.07499435078733242
0.17009819447993466
0.2972831357302539
0.356953745315499
0.04578991570180256
0.009042440442067222
0.0002386433864260919
0.00019121455620946083
0.0006399534299313105
0.0012275990476002978
4.1821945551526674e-07
4.1821945551526674e-07
4.1821945551526674e-07
4.1821945551526674e-07
4.1821945551526674e-07
4.1821945551526674e-07
4.1821945551526674e-07
4.1821945551526674e-07
4.1821945551526674e-07
4.1821945551526674e-07
2.860223332022215e-05
1.4473219984252543e-05
1.1107585893406713e-05
4.1821945551526674e-07
4.1821945551526674e-07
4.1821945551526674e-07
4.1821945551526674e-07
4.1821945551526674e-07
4.1821945551526674e-07
4.1821945551526674e-07
4.1821945551526674e-07
4.1821945551526674e-07
4.1821945551526674e-07
4.1821945551526674e-07
4.1821945551526674e-07
4.1821945551526674e-07
4.1821945551526674e-07
4.1821945551526674e-07
4.1821945551526674e-07
4.1821945551526674e-07
4.1821945551526674e-07
4.1821945551526674e-07
4.1821945551526674e-07
4.1821945551526674e-07
4.1821945551526674e-07
4.1821945551526674e-07
4.1821945551526674e-07
4.1821945551526674e-07
4.1821945551526674e-07
4.1821945551526674e-07
4.1821945551526674e-07
4.1821945551526674e-07
4.1821945551526674e-07
4.1821945551526674e-07
4.1821945551526674e-07
4.1821945551526674e-07
4.537292195379592e-05
2.1564498780108763e-05
1.2057306770526347e-05
0.00018076333501733033
0.0007501410637825599
0.0013171182131978692
0.0010141913458926821
0.001210345160578955
0.001105876213862849
0.0016208233344233265
0.0010901166359383653
0.0011218323890546786
0.001216072887755613
0.0009336819500010559
0.0005068002721936703
0.0004368852841053776
0.0002660221573319983
8.827383307993124e-05
0.00024806501272491634
0.0008977309377083141
0.01054044687103602
0.055080090603107416
0.13510472866234582
0.05776461785512663
0.037273510113372876
0.0005948019917762669
0.00035782552040111097
0.0002264767926584861
1.7957554246278875e-05
4.1821945551526674e-07
4.1821945551526674e-07
4.1821945551526674e-07
4.1821945551526674e-07
4.1821945551526674e-07
4.1821945551526674e-07
4.1821945551526674e-07
4.1821945551526674e-07
4.1821945551526674e-07
4.1821945551526674e-07
4.1821945551526674e-07
4.1821945551526674e-07
4.1821945551526674e-07
4.1821945551526674e-07
4.1821945551526674e-07
4.1821945551526674e-07
4.1821945551526674e-07
4.1821945551526674e-07
4.1821945551526674e-07
4.1821945551526674e-07
4.1821945551526674e-07
4.1821945551526674e-07
4.1821945551526674e-07
4.1821945551526674e-07
4.1821945551526674e-07
4.1821945551526674e-07
4.1821945551526674e-07
4.1821945551526674e-07
4.1821945551526674e-07
4.1821945551526674e-07
4.1821945551526674e-07
4.1821945551526674e-07
4.1821945551526674e-07
4.1821945551526674e-07
4.1821945551526674e-07
4.1821945551526674e-07
4.1821945551526674e-07
4.1821945551526674e-07
4.1821945551526674e-07
4.1821945551526674e-07
4.1821945551526674e-07
4.1821945551526674e-07
4.1821945551526674e-07
4.1821945551526674e-07
4.1821945551526674e-07
4.1821945551526674e-07
4.1821945551526674e-07
4.1821945551526674e-07
4.1821945551526674e-07
4.1821945551526674e-07
4.1821945551526674e-07
4.1821945551526674e-07
4.1821945551526674e-07
0.00011365817210826585
0.0008672494103550535
0.002752889821388912
0.01190205826278302
0.04095955363117223
0.03508928570560278
0.038834311205830634
0.021028527314593717
0.00735952054840028
0.002706057087234796
0.002580902805480485
0.018257877463878254
0.020956804970967465
0.04083184380133856
0.06127417981181182
0.23701410088097932
0.44999637912465057
0.553706606846947
0.6554175426694392
0.5358361877915628
0.5429746194145543
0.12160964268237905
0.0009755925812878291
0.00012155167244851496
4.1821945551526674e-07
0.00019658704091714873
7.600650273037106e-05
4.1821945551526674e-07
4.1821945551526674e-07
4.1821945551526674e-07
4.1821945551526674e-07
4.1821945551526674e-07
1.3016494535658117e-05
4.1821945551526674e-07
4.1821945551526674e-07
4.1821945551526674e-07
4.1821945551526674e-07
4.1821945551526674e-07
2.5842029542925826e-05
0.0002544909982708175
0.0003536692437214269
0.0003294984034547105
0.00040838448570574925
0.0001872499086963001
0.0001731754152823745
0.0002528734961339983
0.0003103276022935584
0.00032559494650050407
0.00039694916673886784
0.0006074251700725178
0.0008089188057303779
0.0004959124833426329
0.00046181736468723316
0.00037051953720218495
0.0006170367566425887
0.00040149286469402443
0.0006010862946793585
0.0005854769191362672
0.0005150920331559348
0.0003394118050657009
0.00030659595969815087
0.0005582182793898238
0.0001598022438133534
0.00015049816406288805
0.00014043886450120028
0.00035782552040111097
0.0004248258015285538
0.0006601535047763028
0.0007166326897645051
0.0005320050305573733
0.0004517124903135617
0.00040838448570574925
0.0003394118050657009
0.00041070214547882347
0.0005234931781946105
0.00020904403731025734
0.00018988688758190964
8.326098202658756e-05
7.600650273037106e-05
2.9162454700535683e-05
1.2609572153005154e-06
4.1821945551526674e-07
4.1821945551526674e-07
4.1821945551526674e-07
4.1821945551526674e-07
4.1821945551526674e-07
4.1821945551526674e-07
4.1821945551526674e-07
1.7452377923443016e-05
3.85095889862212e-05
2.3148859973065797e-05
3.840275724441357e-06
4.1821945551526674e-07
4.1821945551526674e-07
4.1821945551526674e-07
4.1821945551526674e-07
4.1821945551526674e-07
4.1821945551526674e-07
4.1821945551526674e-07
4.1821945551526674e-07
4.1821945551526674e-07
4.1821945551526674e-07
4.1821945551526674e-07
4.1821945551526674e-07
4.1821945551526674e-07
4.1821945551526674e-07
4.1821945551526674e-07
4.1821945551526674e-07
4.1821945551526674e-07
4.1821945551526674e-07
2.2618135368530962e-05
8.491598333998565e-05
6.313036111282722e-05
6.606593459121625e-05
6.385895442358655e-05
8.491598333998565e-05
0.00014485735688594262
0.0002249870883307202
9.169643306447382e-05
8.997696714995678e-05
0.00014043886450120028
0.00010793100595410505
9.606750913543733e-05
0.0001307953730917737
0.00013717896926209862
0.0001872499086963001
0.0003726684542666927
0.00028139742255089696
0.0001562724199942784
0.0002744863654395842
8.491598333998565e-05
0.00017948396323348096
7.365708741880272e-05
4.158370540949312e-05
0.00010145200098041932
4.601528854671915e-05
0.0002762023910397479
0.0007093595048953729
0.0022455610096277457
0.008256288872701979
0.03398455944396449
0.07758458847776048
0.08675786528805493
0.0562413465574844
0.043049797735559885
0.025658437795748404
0.017818324439328227
0.015757094583891015
0.009784221380973745
0.008479042038826165
0.009179748763494987
0.006128380824829277
0.007766592894819055
0.006525099850476593
0.008674214876091497
0.02407907979764254
0.06020302083755255
0.5406628849958666
0.654799442200656
0.5518514582219927
0.33150889885155843
0.00699867247156005
0.008773292504924713
0.00788652633303551
0.002206492409109143
0.00041536839553868796
0.00018076333501733033
0.000169460028946329
0.00010887426571354678
7.679718850208893e-05
0.00010699220717677692
4.409752831835428e-05
0.0003047427235255585
0.00029021430607381046
0.0004037798870148761
0.0007057461532181393
0.00043445202639833
0.0004248258015285538
0.0004224457305175551
0.00031220607875965677
0.0002956010048399243
0.0004248258015285538
0.0002992329380035534
0.0002309871053579922
0.0002744863654395842
0.00032559494650050407
0.0002370980828777443
0.0002561158892805798
0.00021909616434388082
0.00024966053426639015
0.00031980517575135476
0.0003879820059015201
0.0003028978309597897
0.0003028978309597897
0.00028666357850053626
0.00019794574759606317
0.00012054859646342047
3.670081527016355e-05
1.4963624729961743e-05
6.497946417084116e-06
2.5409593341837125e-06
4.1821945551526674e-07
4.1821945551526674e-07
4.1821945551526674e-07
2.6388658180851257e-05
2.9162454700535683e-05
7.401631324762366e-06
9.874054821997341e-05
0.0001276704928846307
6.240527475761141e-05
2.529808216878381e-05
4.283449344976104e-05
5.2613592031081934e-05
4.346447305630869e-05
8.827383307993124e-05
0.00020068205114377293
0.00021764026301633705
0.00036201912199936194
0.0004517124903135617
0.0007313666888369
0.0006267735858813675
0.000573230496605312
0.00022350420217859162
9.256233596632511e-05
5.397211174822401e-05
5.603473276198844e-05
5.603473276198844e-05
3.0291178746524636e-05
