0.13856965305490837
0.13856965305490837
0.21561126820700557
0.08869533843721654
0.035313898338726245
0.01537102762897005
0.00660198531836159
0.0008889301977246149
0.00048521376522037526
0.00021764026301633705
0.0006499883264002561
0.0005552547571079081
0.0003159885181265808
5.397211174822401e-05
4.1821945551526674e-07
4.1821945551526674e-07
4.1821945551526674e-07
4.1821945551526674e-07
4.1821945551526674e-07
4.1821945551526674e-07
4.1821945551526674e-07
4.1821945551526674e-07
4.1821945551526674e-07
4.1821945551526674e-07
4.1821945551526674e-07
4.1821945551526674e-07
4.1821945551526674e-07
4.1821945551526674e-07
4.1821945551526674e-07
4.1821945551526674e-07
0.00011756762735174486
0.0002676996508035356
0.0005916801702416853
0.000656750541082985
0.0005348671470728068
0.00056418408999548
0.0008334960676498367
0.00056418408999548
0.00033343708727926277
0.00021909616434388082
0.0004130301013945983
0.00040149286469402443
0.0009066059107993605
0.0009110714127946506
0.0011434169565823187
0.0015555957460850081
0.002216202584700787
0.0011653603247968223
0.0014858346772921081
0.002139571173391089
0.002285242314654092
0.0017824663261809626
0.0008933213240646586
0.0015203641295567913
0.001233397655981201
0.0012987729931373108
0.0011488689510933416
0.0006773891920780051
0.000504060432779641
0.00035574273565322127
0.0003414213099737274
0.0010490355495979438
0.0015915424009185638
0.0008460203056030955
0.0010044207236565553
0.00047210165104128615
0.0005552547571079081
0.0002309871053579922
0.00029021430607381046
3.200515897274475e-05
4.1821945551526674e-07
4.1821945551526674e-07
4.1821945551526674e-07
4.1821945551526674e-07
4.1821945551526674e-07
4.1821945551526674e-07
4.1821945551526674e-07
4.1821945551526674e-07
4.1821945551526674e-07
4.1821945551526674e-07
4.1821945551526674e-07
4.1821945551526674e-07
4.1821945551526674e-07
4.1821945551526674e-07
4.1821945551526674e-07
8.243940034545232e-05
0.00018333994436650383
0.00025126335178731157
0.0004542220473359817
0.0003662503572543451
0.0004296176395219437
0.0007166326897645051
0.0005095521198254942
0.0009474773036815275
0.0016961091618540182
0.0014722166571623976
0.0014188317780883927
0.0013927806258988212
0.002149019766305547
0.002335718674598874
0.0019407995573962398
0.001386333584095733
0.0008845574880146694
4.346447305630869e-05
4.1821945551526674e-07
4.1821945551526674e-07
4.1821945551526674e-07
4.1821945551526674e-07
4.1821945551526674e-07
4.1821945551526674e-07
4.1821945551526674e-07
4.1821945551526674e-07
4.1821945551526674e-07
4.1821945551526674e-07
4.1821945551526674e-07
4.1821945551526674e-07
4.1821945551526674e-07
1.3499666068525922e-05
0.00013826050530950476
0.00022350420217859162
9.083464954458178e-05
8.162174125383187e-05
0.00018594054607975617
0.00023555983274114556
0.0005793271690282299
0.0006739124121509291
0.0006074251700725178
0.0003159885181265808
0.0002370980828777443
0.00019931074202002955
0.00012870722034053693
0.00011077424712389733
0.0003902088689886811
0.0003454674415668823
0.00039694916673886784
0.0009803473280432622
0.0007577634374066777
0.0005178801959965072
0.00018856534715428416
4.1821945551526674e-07
4.1821945551526674e-07
4.1821945551526674e-07
4.1821945551526674e-07
4.1821945551526674e-07
4.1821945551526674e-07
4.1821945551526674e-07
4.1821945551526674e-07
4.1821945551526674e-07
4.1821945551526674e-07
4.1821945551526674e-07
4.1821945551526674e-07
4.1821945551526674e-07
4.1821945551526674e-07
4.1821945551526674e-07
4.1821945551526674e-07
4.1821945551526674e-07
4.1821945551526674e-07
4.1821945551526674e-07
4.1821945551526674e-07
4.1821945551526674e-07
8.912336769799859e-05
4.861621874534112e-05
0.0003314633237433007
0.0002920017575511931
0.0003683801846117332
0.0002118831226795302
0.0001329032663872059
0.00011855659456442669
0.0001276704928846307
0.00014263775514800113
0.000169460028946329
0.00016701174896730338
0.0001872499086963001
0.00011365817210826585
3.2582108786105586e-05
4.283449344976104e-05
1.016724434801614e-05
5.603214164861691e-06
1.3016494535658117e-05
4.1821945551526674e-07
4.1821945551526674e-07
4.1821945551526674e-07
4.1821945551526674e-07
4.1821945551526674e-07
4.1821945551526674e-07
4.1821945551526674e-07
4.1821945551526674e-07
4.1821945551526674e-07
4.1821945551526674e-07
4.1821945551526674e-07
4.1821945551526674e-07
4.1821945551526674e-07
4.1821945551526674e-07
4.1821945551526674e-07
4.1821945551526674e-07
4.1821945551526674e-07
4.1821945551526674e-07
4.1821945551526674e-07
4.1821945551526674e-07
4.1821945551526674e-07
4.1821945551526674e-07
4.1821945551526674e-07
4.1821945551526674e-07
4.1821945551526674e-07
4.1821945551526674e-07
4.1821945551526674e-07
4.1821945551526674e-07
4.1821945551526674e-07
4.1821945551526674e-07
4.1821945551526674e-07
4.1821945551526674e-07
4.1821945551526674e-07
4.1821945551526674e-07
4.1821945551526674e-07
4.1821945551526674e-07
4.1821945551526674e-07
4.1821945551526674e-07
4.1821945551526674e-07
4.1821945551526674e-07
4.1821945551526674e-07
4.1821945551526674e-07
4.1821945551526674e-07
4.1821945551526674e-07
4.1821945551526674e-07
4.1821945551526674e-07
4.1821945551526674e-07
4.1821945551526674e-07
4.1821945551526674e-07
4.1821945551526674e-07
4.1821945551526674e-07
4.1821945551526674e-07
4.1821945551526674e-07
4.1821945551526674e-07
4.1821945551526674e-07
4.1821945551526674e-07
4.1821945551526674e-07
4.1821945551526674e-07
4.1821945551526674e-07
4.1821945551526674e-07
4.1821945551526674e-07
4.1821945551526674e-07
4.1821945551526674e-07
4.1821945551526674e-07
4.1821945551526674e-07
4.1821945551526674e-07
4.1821945551526674e-07
4.1821945551526674e-07
4.1821945551526674e-07
4.1821945551526674e-07
4.1821945551526674e-07
4.1821945551526674e-07
4.1821945551526674e-07
4.1821945551526674e-07
4.1821945551526674e-07
4.1821945551526674e-07
4.1821945551526674e-07
4.1821945551526674e-07
4.1821945551526674e-07
4.1821945551526674e-07
4.1821945551526674e-07
4.1821945551526674e-07
4.1821945551526674e-07
4.1821945551526674e-07
4.1821945551526674e-07
4.1821945551526674e-07
4.1821945551526674e-07
4.1821945551526674e-07
4.1821945551526674e-07
4.1821945551526674e-07
4.1821945551526674e-07
4.1821945551526674e-07
4.1821945551526674e-07
4.1821945551526674e-07
4.1821945551526674e-07
4.1821945551526674e-07
4.1821945551526674e-07
4.1821945551526674e-07
4.1821945551526674e-07
4.1821945551526674e-07
4.1821945551526674e-07
4.1821945551526674e-07
4.1821945551526674e-07
4.1821945551526674e-07
4.1821945551526674e-07
4.1821945551526674e-07
4.1821945551526674e-07
4.1821945551526674e-07
4.1821945551526674e-07
4.1821945551526674e-07
4.1821945551526674e-07
4.1821945551526674e-07
4.1821945551526674e-07
4.1821945551526674e-07
4.1821945551526674e-07
4.1821945551526674e-07
4.1821945551526674e-07
4.1821945551526674e-07
4.1821945551526674e-07
4.1821945551526674e-07
4.1821945551526674e-07
4.1821945551526674e-07
4.1821945551526674e-07
4.1821945551526674e-07
4.1821945551526674e-07
4.1821945551526674e-07
4.1821945551526674e-07
4.1821945551526674e-07
4.1821945551526674e-07
4.1821945551526674e-07
4.1821945551526674e-07
4.1821945551526674e-07
4.1821945551526674e-07
4.1821945551526674e-07
4.1821945551526674e-07
4.1821945551526674e-07
4.1821945551526674e-07
4.1821945551526674e-07
4.1821945551526674e-07
4.1821945551526674e-07
4.1821945551526674e-07
4.1821945551526674e-07
4.1821945551526674e-07
4.1821945551526674e-07
4.1821945551526674e-07
4.1821945551526674e-07
4.1821945551526674e-07
4.1821945551526674e-07
4.1821945551526674e-07
4.1821945551526674e-07
4.1821945551526674e-07
4.1821945551526674e-07
4.1821945551526674e-07
4.1821945551526674e-07
4.1821945551526674e-07
4.1821945551526674e-07
4.1821945551526674e-07
4.1821945551526674e-07
4.1821945551526674e-07
4.1821945551526674e-07
4.1821945551526674e-07
2.0003396264418724e-05
0.0002118831226795302
2.3682204830817788e-05
0.00014153573219890015
0.00013717896926209862
0.0002020597020269302
4.096286922450232e-05
2.529808216878381e-05
1.5456462989396356e-05
4.1821945551526674e-07
4.1821945551526674e-07
4.1821945551526674e-07
4.1821945551526674e-07
1.0636248147226564e-05
1.016724434801614e-05
4.1821945551526674e-07
4.1821945551526674e-07
4.1821945551526674e-07
4.1821945551526674e-07
4.1821945551526674e-07
4.1821945551526674e-07
4.1821945551526674e-07
4.1821945551526674e-07
4.1821945551526674e-07
4.1821945551526674e-07
4.1821945551526674e-07
4.1821945551526674e-07
4.1821945551526674e-07
4.1821945551526674e-07
4.1821945551526674e-07
5.9539684819780406e-05
0.00019121455620946083
0.0003374112910335575
0.00044921396623693265
0.0004296176395219437
0.00014822598926857454
4.473367325742414e-05
4.1821945551526674e-07
4.1821945551526674e-07
4.1821945551526674e-07
4.1821945551526674e-07
4.1821945551526674e-07
4.1821945551526674e-07
4.1821945551526674e-07
4.1821945551526674e-07
4.1821945551526674e-07
4.1821945551526674e-07
4.1821945551526674e-07
4.1821945551526674e-07
4.1821945551526674e-07
4.1821945551526674e-07
4.1821945551526674e-07
4.1821945551526674e-07
4.1821945551526674e-07
4.1821945551526674e-07
4.1821945551526674e-07
4.1821945551526674e-07
4.1821945551526674e-07
4.1821945551526674e-07
4.1821945551526674e-07
4.1821945551526674e-07
4.1821945551526674e-07
4.1821945551526674e-07
4.1821945551526674e-07
4.1821945551526674e-07
4.1821945551526674e-07
4.1821945551526674e-07
4.1821945551526674e-07
4.1821945551526674e-07
4.1821945551526674e-07
4.1821945551526674e-07
4.1821945551526674e-07
4.1821945551526674e-07
4.1821945551526674e-07
4.1821945551526674e-07
4.1821945551526674e-07
4.1821945551526674e-07
4.1821945551526674e-07
4.1821945551526674e-07
4.1821945551526674e-07
4.1821945551526674e-07
4.1821945551526674e-07
4.1821945551526674e-07
4.1821945551526674e-07
4.1821945551526674e-07
4.1821945551526674e-07
4.1821945551526674e-07
3.61037590376232e-05
6.497946417084116e-06
2.5409593341837125e-06
4.277720311343643e-06
0.0001329032663872059
0.0009474773036815275
0.0010389764514375124
0.0009021591095687292
0.0010901166359383653
0.0010849067501271328
0.0010044207236565553
0.0005348671470728068
0.0003946924086154945
0.0006704505116466833
0.0019756739685359934
0.0018476849267502124
0.0011488689510933416
0.0013481962197057977
0.0008170420431812172
0.0015343718000682802
0.002305315415151376
0.004237055067172595
0.003331793286544015
0.0022357367521706885
0.0017585383043655842
0.0024716234564721475
0.0011164916829414606
0.0009336819500010559
0.0008170420431812172
0.0008587040512945132
0.0002386433864260919
0.00010236444348611713
0.00010236444348611713
1.7452377923443016e-05
4.1821945551526674e-07
4.1821945551526674e-07
4.1821945551526674e-07
4.1821945551526674e-07
4.1821945551526674e-07
4.1821945551526674e-07
4.1821945551526674e-07
4.1821945551526674e-07
4.1821945551526674e-07
4.1821945551526674e-07
4.1821945551526674e-07
4.1821945551526674e-07
4.1821945551526674e-07
4.1821945551526674e-07
1.9488141962042586e-05
2.860223332022215e-05
2.0521199297108956e-05
4.1821945551526674e-07
4.1821945551526674e-07
4.1821945551526674e-07
4.1821945551526674e-07
4.1821945551526674e-07
4.1821945551526674e-07
4.1821945551526674e-07
4.1821945551526674e-07
4.1821945551526674e-07
4.1821945551526674e-07
4.1821945551526674e-07
4.1821945551526674e-07
4.1821945551526674e-07
4.1821945551526674e-07
4.1821945551526674e-07
4.1821945551526674e-07
4.1821945551526674e-07
4.1821945551526674e-07
4.1821945551526674e-07
4.1821945551526674e-07
4.1821945551526674e-07
4.1821945551526674e-07
4.1821945551526674e-07
4.1821945551526674e-07
4.1821945551526674e-07
4.1821945551526674e-07
4.1821945551526674e-07
4.1821945551526674e-07
4.1821945551526674e-07
4.1821945551526674e-07
4.1821945551526674e-07
4.1821945551526674e-07
4.1821945551526674e-07
4.1821945551526674e-07
6.755508121727497e-05
0.0003536692437214269
3.200515897274475e-05
4.1821945551526674e-07
4.1821945551526674e-07
4.1821945551526674e-07
4.1821945551526674e-07
4.1821945551526674e-07
4.1821945551526674e-07
4.1821945551526674e-07
4.1821945551526674e-07
4.1821945551526674e-07
4.1821945551526674e-07
4.1821945551526674e-07
4.1821945551526674e-07
4.1821945551526674e-07
4.1821945551526674e-07
9.700563668069177e-06
4.1821945551526674e-07
4.1821945551526674e-07
4.1821945551526674e-07
4.1821945551526674e-07
4.1821945551526674e-07
4.1821945551526674e-07
4.1821945551526674e-07
4.1821945551526674e-07
4.1821945551526674e-07
4.1821945551526674e-07
4.1821945551526674e-07
4.1821945551526674e-07
4.1821945551526674e-07
4.1821945551526674e-07
4.1821945551526674e-07
4.1821945551526674e-07
4.1821945551526674e-07
4.1821945551526674e-07
4.1821945551526674e-07
4.1821945551526674e-07
4.1821945551526674e-07
4.1821945551526674e-07
4.1821945551526674e-07
4.1821945551526674e-07
4.1821945551526674e-07
4.1821945551526674e-07
4.1821945551526674e-07
4.1821945551526674e-07
4.1821945551526674e-07
4.1821945551526674e-07
4.1821945551526674e-07
4.1821945551526674e-07
4.1821945551526674e-07
4.1821945551526674e-07
4.1821945551526674e-07
4.1821945551526674e-07
4.1821945551526674e-07
4.1821945551526674e-07
4.1821945551526674e-07
4.1821945551526674e-07
4.1821945551526674e-07
4.1821945551526674e-07
4.1821945551526674e-07
4.1821945551526674e-07
4.1821945551526674e-07
4.1821945551526674e-07
4.1821945551526674e-07
4.1821945551526674e-07
4.1821945551526674e-07
4.1821945551526674e-07
4.1821945551526674e-07
4.1821945551526674e-07
4.1821945551526674e-07
4.1821945551526674e-07
4.1821945551526674e-07
4.1821945551526674e-07
4.1821945551526674e-07
4.1821945551526674e-07
4.1821945551526674e-07
4.1821945551526674e-07
4.1821945551526674e-07
4.1821945551526674e-07
4.1821945551526674e-07
4.1821945551526674e-07
4.1821945551526674e-07
4.1821945551526674e-07
4.1821945551526674e-07
4.1821945551526674e-07
4.1821945551526674e-07
4.1821945551526674e-07
4.1821945551526674e-07
4.1821945551526674e-07
4.1821945551526674e-07
4.1821945551526674e-07
4.1821945551526674e-07
4.1821945551526674e-07
4.1821945551526674e-07
4.1821945551526674e-07
4.1821945551526674e-07
4.1821945551526674e-07
4.1821945551526674e-07
4.1821945551526674e-07
4.1821945551526674e-07
4.1821945551526674e-07
4.1821945551526674e-07
4.1821945551526674e-07
4.1821945551526674e-07
4.1821945551526674e-07
4.1821945551526674e-07
4.1821945551526674e-07
4.1821945551526674e-07
4.1821945551526674e-07
4.1821945551526674e-07
4.1821945551526674e-07
4.1821945551526674e-07
4.1821945551526674e-07
4.1821945551526674e-07
4.1821945551526674e-07
4.1821945551526674e-07
4.1821945551526674e-07
4.1821945551526674e-07
4.1821945551526674e-07
4.1821945551526674e-07
4.1821945551526674e-07
4.1821945551526674e-07
4.1821945551526674e-07
4.1821945551526674e-07
4.1821945551526674e-07
4.1821945551526674e-07
4.1821945551526674e-07
4.1821945551526674e-07
1.9488141962042586e-05
0.00047470109744106635
0.0007388284839669272
0.0005948019917762669
0.0002610352081605856
3.3161891666773284e-05
5.603214164861691e-06
4.1821945551526674e-07
4.1821945551526674e-07
4.1821945551526674e-07
4.1821945551526674e-07
4.1821945551526674e-07
4.1821945551526674e-07
4.1821945551526674e-07
4.1821945551526674e-07
4.1821945551526674e-07
4.1821945551526674e-07
4.1821945551526674e-07
4.1821945551526674e-07
4.1821945551526674e-07
4.1821945551526674e-07
4.1821945551526674e-07
4.1821945551526674e-07
4.1821945551526674e-07
4.1821945551526674e-07
4.1821945551526674e-07
4.1821945551526674e-07
4.1821945551526674e-07
4.1821945551526674e-07
4.1821945551526674e-07
4.1821945551526674e-07
4.1821945551526674e-07
4.1821945551526674e-07
4.1821945551526674e-07
4.1821945551526674e-07
4.1821945551526674e-07
4.1821945551526674e-07
4.1821945551526674e-07
4.1821945551526674e-07
4.1821945551526674e-07
4.1821945551526674e-07
6.497946417084116e-06
4.1821945551526674e-07
4.1821945551526674e-07
4.1821945551526674e-07
4.1821945551526674e-07
4.1821945551526674e-07
4.1821945551526674e-07
4.1821945551526674e-07
4.1821945551526674e-07
4.1821945551526674e-07
4.1821945551526674e-07
2.0003396264418724e-05
0.00017442543432576272
0.0004248258015285538
0.0003683801846117332
0.0006074251700725178
0.0012450663710943638
0.001906470712529226
0.0018726797442843869
0.0018726797442843869
0.0028365867287181838
0.0014188317780883927
0.0010849067501271328
0.0016580901562959934
0.0014858346772921081
0.005938216402502878
0.0073029477531780995
0.010697770952808825
0.005377443295494474
0.0031676786338159586
0.0021968199958897934
0.0032625123172703506
0.008414858717085034
0.006550639078015694
0.006758185928357597
0.00699867247156005
0.013224916228032662
0.010346681540593875
0.01190205826278302
0.017756295908631183
0.02060139298559382
0.021610074257060036
0.00894066123802762
0.006323963880706841
0.002998060147629564
0.0020290255764019187
0.0004878708852915705
0.00033343708727926277
0.00025938796284476434
0.00011658332190212555
0.00010328123033177369
0.00014822598926857454
0.00014043886450120028
6.532672524703607e-05
4.717351414020623e-06
2.421818204057534e-05
1.897542464599091e-05
3.61037590376232e-05
9.695428540951934e-05
2.860223332022215e-05
5.8127525099462624e-05
2.4756803752592095e-05
5.15917927094416e-06
9.236195326068331e-06
4.1821945551526674e-07
4.1821945551526674e-07
2.209001896969392e-05
5.329120576535909e-05
9.430657331474499e-05
8.658688627788707e-05
7.838998272353152e-05
4.1821945551526674e-07
4.1821945551526674e-07
4.1821945551526674e-07
4.1821945551526674e-07
4.1821945551526674e-07
4.1821945551526674e-07
4.1821945551526674e-07
4.1821945551526674e-07
4.1821945551526674e-07
4.1821945551526674e-07
4.1821945551526674e-07
4.1821945551526674e-07
4.1821945551526674e-07
4.1821945551526674e-07
4.1821945551526674e-07
4.1821945551526674e-07
4.1821945551526674e-07
4.1821945551526674e-07
4.1821945551526674e-07
4.1821945551526674e-07
4.1821945551526674e-07
4.1821945551526674e-07
4.1821945551526674e-07
4.1821945551526674e-07
4.1821945551526674e-07
4.1821945551526674e-07
4.1821945551526674e-07
4.1821945551526674e-07
4.1821945551526674e-07
4.1821945551526674e-07
4.1821945551526674e-07
4.1821945551526674e-07
4.1821945551526674e-07
4.1821945551526674e-07
4.1821945551526674e-07
4.1821945551526674e-07
4.1821945551526674e-07
4.1821945551526674e-07
4.1821945551526674e-07
4.1821945551526674e-07
4.1821945551526674e-07
2.749000873286707e-05
2.2618135368530962e-05
4.1821945551526674e-07
4.1821945551526674e-07
4.1821945551526674e-07
4.1821945551526674e-07
3.200515897274475e-05
2.2618135368530962e-05
4.1821945551526674e-07
4.1821945551526674e-07
4.1821945551526674e-07
4.1821945551526674e-07
4.1821945551526674e-07
4.1821945551526674e-07
4.1821945551526674e-07
4.1821945551526674e-07
4.1821945551526674e-07
4.1821945551526674e-07
4.277720311343643e-06
1.2057306770526347e-05
0.00019931074202002955
0.00030106124730696775
0.0005793271690282299
0.0007057461532181393
0.0008544582991248565
0.0012806509170751551
0.001665633348461932
0.001734894017442299
0.0011434169565823187
0.0012987729931373108
0.0011598405507256297
0.0015203641295567913
0.0016884445331398254
0.0013232833031632373
0.0016061241963045575
0.0017985774832454263
0.001906470712529226
0.0023871828582324056
0.0019581680828902135
0.002648514499756252
0.0030623145396340592
0.0032351618764110716
0.0034598150478597866
0.002558709374389707
0.0024396521470343145
0.003101453955822812
0.0022455610096277457
0.002002192483946326
0.0019235674219907199
0.0013481962197057977
0.0011218323890546786
0.001256831009283534
0.0009567708552478629
0.001054096496307939
0.0018559835865508225
0.0019407995573962398
0.0013356890636777683
0.0009155556871907062
0.0009567708552478629
0.00037051953720218495
0.0002561158892805798
0.0001307953730917737
0.00022202810530335486
0.00034750414317488595
0.0003394118050657009
0.000742583296686175
0.000989916526372145
0.0012987729931373108
0.0020380404246511537
0.003331793286544015
0.0020290255764019187
0.001221824154191636
0.0011598405507256297
0.00024647675643422865
0.0001586201415237477
0.00010512791409933538
0.00015279169001597523
0.0002992329380035534
0.00037699513950966535
0.0003394118050657009
0.0006739124121509291
0.000792877225945585
0.0004878708852915705
0.00039694916673886784
0.0002386433864260919
0.0004060770801437846
0.0006914462789859401
0.000942859596226299
0.0014926850057415204
0.0009066059107993605
0.000961446847291135
0.001256831009283534
0.0008758670369851418
0.0016208233344233265
0.0021680280144728147
0.004033533439957808
0.004185332782034755
0.0035922102832444012
0.003331793286544015
0.0020380404246511537
0.0013608055211462968
0.0009291218647837759
0.003698292419976449
0.007560615088049959
0.005166724347530129
0.003918888599900533
0.005023643032686542
0.008287788277416806
0.004864465130458931
0.0020744555692377925
0.0023871828582324056
0.0030753117837907444
0.004983418304291585
0.004395666463988848
0.004825381725251129
0.004923620725750318
0.00047470109744106635
0.00035782552040111097
0.0005095521198254942
0.00047731198571059345
0.0006333351213711274
0.001233397655981201
0.0021207844027067795
0.0004442498386152374
0.00018856534715428416
6.02509002271068e-05
4.1821945551526674e-07
0.0002104603129225877
0.0004799343621142991
0.0005493662218883016
0.001268692284931326
0.0010290005552960541
0.0017427441082966187
0.0019756739685359934
0.002285242314654092
0.00465295623504171
0.011989374694640025
0.02473344466122114
0.019769842399650458
0.012299466594851465
0.008319394650166083
0.007766592894819055
0.006225486693596904
0.004185332782034755
0.004748055660677969
0.00660198531836159
0.007796422880902696
0.007677712210201276
0.005166724347530129
0.011264940791642497
0.011264940791642497
0.013858976664493464
0.008974473819920836
0.011389889786547116
0.014364834843522212
0.011858611636997734
0.008906962037410326
0.006499649523826324
0.006810980738864267
0.0036829685662954485
0.0021775879297759155
0.0019756739685359934
0.0009708576355963556
0.0005493662218883016
0.0003103276022935584
0.00013396466984619265
4.717351414020623e-06
4.1821945551526674e-07
4.1821945551526674e-07
4.1821945551526674e-07
4.1821945551526674e-07
4.1821945551526674e-07
4.1821945551526674e-07
4.1821945551526674e-07
4.1821945551526674e-07
4.1821945551526674e-07
4.1821945551526674e-07
4.1821945551526674e-07
4.1821945551526674e-07
4.1821945551526674e-07
4.1821945551526674e-07
4.1821945551526674e-07
4.1821945551526674e-07
4.1821945551526674e-07
4.1821945551526674e-07
4.1821945551526674e-07
1.6854952576662474e-06
4.158370540949312e-05
0.00012458945008389163
9.874054821997341e-05
3.670081527016355e-05
4.1821945551526674e-07
4.1821945551526674e-07
4.1821945551526674e-07
4.1821945551526674e-07
4.1821945551526674e-07
4.1821945551526674e-07
4.1821945551526674e-07
4.1821945551526674e-07
4.1821945551526674e-07
4.1821945551526674e-07
4.1821945551526674e-07
4.1821945551526674e-07
4.1821945551526674e-07
4.1821945551526674e-07
4.1821945551526674e-07
4.1821945551526674e-07
4.1821945551526674e-07
4.1821945551526674e-07
4.1821945551526674e-07
4.1821945551526674e-07
4.1821945551526674e-07
4.1821945551526674e-07
0.00019794574759606317
0.0005793271690282299
0.001054096496307939
0.0024290770426978556
0.0014519947175024475
0.0014995630139813336
0.001432016501392575
0.0008170420431812172
0.0008502304067433799
0.0005406289277940763
0.0003159885181265808
0.0003294984034547105
0.0001621830508161896
0.00013503107354289674
7.134128251298491e-05
0.0002309871053579922
0.00013396466984619265
0.00019658704091714873
0.00026435227366281293
0.00013503107354289674
0.00025938796284476434
0.00028843492427793436
0.0004393293094757356
0.0004442498386152374
0.0004037798870148761
0.0002104603129225877
0.00019121455620946083
9.695428540951934e-05
4.1821945551526674e-07
4.1821945551526674e-07
1.846523262218758e-05
1.1581268460831754e-05
3.3161891666773284e-05
2.0003396264418724e-05
4.1821945551526674e-07
4.1821945551526674e-07
4.1821945551526674e-07
4.1821945551526674e-07
9.256233596632511e-05
0.0004905396802356355
0.0008715491555106396
0.0015484926346175038
0.0022455610096277457
0.0006773891920780051
0.0006985656295900247
0.001009295867875269
0.0012987729931373108
0.0014519947175024475
0.002130159428541079
0.0021775879297759155
0.002345931936117372
0.0019407995573962398
0.001216072887755613
0.0006704505116466833
0.0009661424158774787
0.0009382611694484275
0.0008129718320947321
0.0013992538697137854
0.0019494667108922695
0.0020744555692377925
0.0013671487120629345
0.0011271951863774507
0.0013735177227402026
0.0009803473280432622
0.0008758670369851418
0.000663571115945747
0.000702148214832408
0.0009521143654081079
0.0007771053425490303
0.0011709028614675493
0.0014453083636109644
0.0009474773036815275
0.0011543434543623379
0.0014122793490134221
0.0014995630139813336
0.006274552822020435
0.01190205826278302
0.007796422880902696
0.004983418304291585
0.004522676644328647
0.003791437376662065
0.0032080161995344646
0.0024931440806811476
0.0014858346772921081
0.001216072887755613
0.0008334960676498367
0.0006042488837659213
0.00048521376522037526
0.00046181736468723316
0.0003454674415668823
0.0003662503572543451
0.00024332191727649788
0.00012458945008389163
0.00016701174896730338
0.0003394118050657009
0.00019121455620946083
0.000169460028946329
0.0001307953730917737
0.0001682330409901979
0.00021619103647832667
0.00011955024406565493
0.00010420238076200091
6.385895442358655e-05
2.749000873286707e-05
8.827383307993124e-05
3.5509614705562055e-05
2.749000873286707e-05
0.00016701174896730338
0.00011658332190212555
0.0002744863654395842
4.601528854671915e-05
3.3161891666773284e-05
3.5509614705562055e-05
2.749000873286707e-05
2.6388658180851257e-05
9.695428540951934e-05
0.00015510675328657192
4.1821945551526674e-07
4.1821945551526674e-07
4.1821945551526674e-07
4.1821945551526674e-07
4.1821945551526674e-07
4.1821945551526674e-07
4.1821945551526674e-07
4.1821945551526674e-07
4.1821945551526674e-07
4.1821945551526674e-07
4.1821945551526674e-07
4.1821945551526674e-07
4.1821945551526674e-07
4.1821945551526674e-07
4.1821945551526674e-07
4.1821945551526674e-07
4.1821945551526674e-07
5.465632490595088e-05
8.574943824308297e-05
0.00019658704091714873
0.0002762023910397479
0.0002676996508035356
0.00056418408999548
0.00047731198571059345
0.00047470109744106635
2.3682204830817788e-05
1.6854952576662474e-06
4.1821945551526674e-07
4.1821945551526674e-07
4.1821945551526674e-07
4.1821945551526674e-07
4.1821945551526674e-07
4.1821945551526674e-07
4.1821945551526674e-07
4.1821945551526674e-07
4.1821945551526674e-07
4.1821945551526674e-07
4.1821945551526674e-07
4.1821945551526674e-07
4.1821945551526674e-07
4.1821945551526674e-07
4.1821945551526674e-07
4.1821945551526674e-07
4.1821945551526674e-07
3.1431029280470095e-05
2.9719053644181457e-06
4.601528854671915e-05
0.00016701174896730338
0.0003879820059015201
0.00040838448570574925
0.0010642815810283405
0.0014995630139813336
0.0021775879297759155
0.002848726644358124
0.005356031336687949
0.006373721983397192
0.00605644129775122
0.005084524199883995
0.0017905059144489725
0.0014188317780883927
0.001256831009283534
0.0005320050305573733
0.00024019577330216922
0.00012561162899256146
0.00015049816406288805
3.911842671788757e-05
5.397211174822401e-05
4.1821945551526674e-07
4.1821945551526674e-07
4.1821945551526674e-07
4.1821945551526674e-07
4.1821945551526674e-07
4.1821945551526674e-07
4.1821945551526674e-07
4.1821945551526674e-07
4.1821945551526674e-07
4.1821945551526674e-07
1.2535711790445848e-05
2.5842029542925826e-05
6.948664563820461e-06
0.00015510675328657192
0.0004393293094757356
0.001665633348461932
0.006128380824829277
0.00699867247156005
0.007916766324608868
0.0042197512019429475
0.007163208539988429
0.006944581116478646
0.009353989856909837
0.008873375890370551
0.009894489186043224
0.007053139316229207
0.001292707629431915
0.0002544909982708175
2.6937980440649776e-05
4.1821945551526674e-07
4.1821945551526674e-07
4.1821945551526674e-07
4.1821945551526674e-07
4.1821945551526674e-07
4.1821945551526674e-07
4.1821945551526674e-07
4.1821945551526674e-07
4.1821945551526674e-07
4.1821945551526674e-07
4.1821945551526674e-07
4.1821945551526674e-07
4.1821945551526674e-07
4.1821945551526674e-07
1.2057306770526347e-05
4.666078723463647e-05
8.326098202658756e-05
0.00014374495584751581
0.00018076333501733033
0.00028139742255089696
0.00040838448570574925
0.0010745514519462358
0.002047090722668239
0.002525737504588861
0.0018643151532579132
0.002418542702172075
0.0038546924760534894
0.0040501535367717945
0.005003494549262657
0.00520826798387765
0.00702585881647299
0.00960286656196985
0.013908844580335337
0.00699867247156005
0.00520826798387765
0.005799069782198611
0.008382929555224556
0.004289347737468241
0.004151165420451243
0.002149019766305547
0.002216202584700787
0.0008629677320329522
0.000694998337551608
0.0008715491555106396
0.000570201933059511
0.0005793271690282299
0.00019931074202002955
0.00012561162899256146
0.00012663863619487018
0.00010699220717677692
0.00024966053426639015
6.532672524703607e-05
4.1821945551526674e-07
4.1821945551526674e-07
4.1821945551526674e-07
4.1821945551526674e-07
4.1821945551526674e-07
3.0291178746524636e-05
0.0004542220473359817
0.0001731754152823745
0.0002561158892805798
0.0004442498386152374
0.0012450663710943638
0.00311459921530487
0.006499649523826324
0.01673044751631096
0.01147387012962292
0.006917675543123764
0.00527114313988333
0.010270065200613158
0.014160568625864513
0.013809266722141444
0.014940036273039907
0.013809266722141444
0.013809266722141444
0.016094780438785032
0.019769842399650458
0.014160568625864513
0.012389358500156971
0.009249095771938252
0.010043229771674803
0.008974473819920836
0.007947109576515806
0.004671838789136497
0.0035624044533169585
0.0035772796495436945
0.0027176982604409645
0.001881077477405105
0.0013671487120629345
0.0013109781930799678
0.0008252342856446661
0.0009291218647837759
0.0007539441433465716
0.0004467264304891549
0.0002610352081605856
0.0003217264255398145
0.00040149286469402443
0.00028843492427793436
0.000501332553446879
0.0006601535047763028
0.0005348671470728068
0.0002779262205489508
0.00023250437361164045
8.827383307993124e-05
0.00010328123033177369
0.00022202810530335486
0.0004695136004138804
0.0002309871053579922
5.465632490595088e-05
4.1821945551526674e-07
4.1821945551526674e-07
4.1821945551526674e-07
4.1821945551526674e-07
4.1821945551526674e-07
4.1821945551526674e-07
4.1821945551526674e-07
4.1821945551526674e-07
4.1821945551526674e-07
4.1821945551526674e-07
4.1821945551526674e-07
4.1821945551526674e-07
4.1821945551526674e-07
1.5456462989396356e-05
4.666078723463647e-05
4.158370540949312e-05
2.104156285420814e-05
6.981586320836901e-05
7.838998272353152e-05
0.0001276704928846307
0.00013610249935865063
6.755508121727497e-05
3.790371682666185e-05
2.9162454700535683e-05
9.083464954458178e-05
1.1581268460831754e-05
4.1821945551526674e-07
1.2609572153005154e-06
1.398523749888997e-05
1.846523262218758e-05
4.2207575535716617e-05
0.00021619103647832667
0.00024806501272491634
0.00012561162899256146
9.430657331474499e-05
8.314352761504461e-06
1.016724434801614e-05
4.1821945551526674e-07
4.1821945551526674e-07
4.1821945551526674e-07
8.774128586905785e-06
4.1821945551526674e-07
4.1821945551526674e-07
4.1821945551526674e-07
4.1821945551526674e-07
4.1821945551526674e-07
4.1821945551526674e-07
4.1821945551526674e-07
4.1821945551526674e-07
4.1821945551526674e-07
4.1821945551526674e-07
4.1821945551526674e-07
4.1821945551526674e-07
4.1821945551526674e-07
4.1821945551526674e-07
4.1821945551526674e-07
4.1821945551526674e-07
4.1821945551526674e-07
4.1821945551526674e-07
4.1821945551526674e-07
4.1821945551526674e-07
4.1821945551526674e-07
4.1821945551526674e-07
4.1821945551526674e-07
4.1821945551526674e-07
4.1821945551526674e-07
4.1821945551526674e-07
4.1821945551526674e-07
6.0494664229690885e-06
4.1821945551526674e-07
4.1821945551526674e-07
4.1821945551526674e-07
4.1821945551526674e-07
4.1821945551526674e-07
4.1821945551526674e-07
4.1821945551526674e-07
4.1821945551526674e-07
4.1821945551526674e-07
4.1821945551526674e-07
4.1821945551526674e-07
4.1821945551526674e-07
4.1821945551526674e-07
4.1821945551526674e-07
4.1821945551526674e-07
4.1821945551526674e-07
4.1821945551526674e-07
4.1821945551526674e-07
4.1821945551526674e-07
4.1821945551526674e-07
4.1821945551526674e-07
4.1821945551526674e-07
4.1821945551526674e-07
4.1821945551526674e-07
2.3148859973065797e-05
6.497946417084116e-06
2.6937980440649776e-05
5.8127525099462624e-05
0.00020068205114377293
0.0001952345951331162
0.00032365633711590086
0.0006138190518854449
0.0007615990090987066
0.001079718382396084
0.0005234931781946105
0.00048521376522037526
0.0008977309377083141
0.00033343708727926277
0.00011658332190212555
0.0001235720783596293
6.948664563820461e-06
4.1821945551526674e-07
4.1821945551526674e-07
4.1821945551526674e-07
4.1821945551526674e-07
4.1821945551526674e-07
4.1821945551526674e-07
4.1821945551526674e-07
4.1821945551526674e-07
4.1821945551526674e-07
4.1821945551526674e-07
4.1821945551526674e-07
4.1821945551526674e-07
4.1821945551526674e-07
4.1821945551526674e-07
4.1821945551526674e-07
4.1821945551526674e-07
3.3161891666773284e-05
4.1821945551526674e-07
4.1821945551526674e-07
4.1821945551526674e-07
4.1821945551526674e-07
4.1821945551526674e-07
7.856857206639839e-06
5.1939255681021757e-05
9.083464954458178e-05
0.00031409303892000344
0.0002386433864260919
0.0001276704928846307
0.0002076342680384362
0.0002676996508035356
0.0002309871053579922
0.00017069273747401294
3.730079673663818e-05
4.1821945551526674e-07
4.1821945551526674e-07
0.00010236444348611713
0.00017442543432576272
8.742834526053635e-05
1.2609572153005154e-06
4.1821945551526674e-07
4.1821945551526674e-07
4.1821945551526674e-07
4.1821945551526674e-07
4.1821945551526674e-07
4.1821945551526674e-07
4.1821945551526674e-07
4.1821945551526674e-07
4.1821945551526674e-07
4.158370540949312e-05
0.00019388838349799424
2.8044755520704956e-05
1.2535711790445848e-05
1.9488141962042586e-05
0.0006138190518854449
0.0005123160239849931
0.0010953481208964627
0.0016282171729369635
0.0009021591095687292
0.00028139742255089696
0.00011658332190212555
0.00018463723327818477
0.0001820486535206696
0.0003028978309597897
0.0004393293094757356
0.0004799343621142991
0.0004878708852915705
0.0003857650264925249
0.0007276595825308322
0.0014722166571623976
0.002376810169798905
0.0029726968575182616
0.0032351618764110716
0.002206492409109143
0.002083648922144672
0.0014254107963574383
0.0013171182131978692
0.00034750414317488595
0.0005493662218883016
0.0009155556871907062
0.0006010862946793585
0.00048256827308419155
0.0006010862946793585
0.0006267735858813675
0.00044921396623693265
0.00025126335178731157
0.00036201912199936194
0.0005123160239849931
0.000702148214832408
0.0005377417627940676
0.0003683801846117332
0.00031980517575135476
0.00023555983274114556
3.374452061566211e-05
4.1821945551526674e-07
4.1821945551526674e-07
4.1821945551526674e-07
4.1821945551526674e-07
4.1821945551526674e-07
4.1821945551526674e-07
4.1821945551526674e-07
4.1821945551526674e-07
4.1821945551526674e-07
4.1821945551526674e-07
4.1821945551526674e-07
4.1821945551526674e-07
4.1821945551526674e-07
4.1821945551526674e-07
4.473367325742414e-05
0.00015279169001597523
4.796123798652165e-05
4.1821945551526674e-07
4.1821945551526674e-07
4.1821945551526674e-07
4.1821945551526674e-07
4.1821945551526674e-07
4.1821945551526674e-07
4.1821945551526674e-07
4.1821945551526674e-07
4.1821945551526674e-07
5.126818191248138e-05
3.374452061566211e-05
4.1821945551526674e-07
4.1821945551526674e-07
4.1821945551526674e-07
4.1821945551526674e-07
4.1821945551526674e-07
4.1821945551526674e-07
2.3148859973065797e-05
8.080798729546087e-05
4.1821945551526674e-07
4.1821945551526674e-07
1.1581268460831754e-05
4.1821945551526674e-07
4.1821945551526674e-07
4.1821945551526674e-07
4.1821945551526674e-07
4.1821945551526674e-07
4.1821945551526674e-07
4.1821945551526674e-07
4.1821945551526674e-07
3.973024358103057e-05
1.6949692108200303e-05
3.911842671788757e-05
0.00024806501272491634
0.0004393293094757356
0.000694998337551608
0.0009708576355963556
0.0006843876243851368
0.0007615990090987066
0.0008293564506535819
0.0003683801846117332
0.00032365633711590086
0.0003454674415668823
0.00047210165104128615
0.0007849578326866455
0.0007350896353687716
0.0005493662218883016
0.0014057534118719
0.001386333584095733
0.0011434169565823187
0.0010290005552960541
0.0007239682548237936
0.0005979373486675574
0.0005406289277940763
0.00031789255186428415
0.0002610352081605856
0.00023250437361164045
0.000169460028946329
0.0002992329380035534
0.0003726684542666927
0.0005178801959965072
0.0005552547571079081
0.0004959124833426329
0.00040149286469402443
0.00024019577330216922
2.4756803752592095e-05
4.1821945551526674e-07
4.1821945551526674e-07
4.1821945551526674e-07
4.1821945551526674e-07
4.1821945551526674e-07
4.1821945551526674e-07
4.1821945551526674e-07
4.1821945551526674e-07
4.1821945551526674e-07
1.7957554246278875e-05
6.168367960567218e-05
0.0001820486535206696
0.0001276704928846307
0.0002727781110895458
0.0002264767926584861
0.0002676996508035356
0.00033541973076333656
0.0028854246527810767
0.0018311858600213399
0.001274659386318895
0.001386333584095733
0.0017824663261809626
0.0015698878756208125
0.0015915424009185638
0.0016208233344233265
0.0015203641295567913
0.0016884445331398254
0.0012046408852339557
0.0007239682548237936
0.0005552547571079081
0.00023555983274114556
1.2057306770526347e-05
2.749000873286707e-05
8.314352761504461e-06
5.2613592031081934e-05
0.0001297488399264648
0.0002279733441721462
0.0002676996508035356
0.00010793100595410505
7.443646904807915e-05
6.948664563820461e-06
4.096286922450232e-05
0.00020344372183440834
0.00016579612833594138
0.000169460028946329
0.0003924456563210816
0.00036201912199936194
0.0005493662218883016
0.0007057461532181393
0.0005068002721936703
0.00032365633711590086
0.0004130301013945983
0.0005464411068189754
0.0006170367566425887
0.0004248258015285538
0.0004224457305175551
0.0001493594193483699
0.0001598022438133534
0.00020068205114377293
0.00024647675643422865
0.0001769429578319006
0.0001872499086963001
9.083464954458178e-05
0.00022202810530335486
0.0001621830508161896
0.0003394118050657009
0.0002831448609834668
0.0002992329380035534
0.00032559494650050407
0.0002610352081605856
0.00021619103647832667
0.0002762023910397479
0.0003924456563210816
0.00036201912199936194
0.00021619103647832667
3.085970681754776e-05
1.897542464599091e-05
4.1821945551526674e-07
1.016724434801614e-05
1.2057306770526347e-05
1.7452377923443016e-05
2.5409593341837125e-06
4.1821945551526674e-07
4.1821945551526674e-07
4.1821945551526674e-07
4.1821945551526674e-07
4.1821945551526674e-07
4.1821945551526674e-07
4.1821945551526674e-07
4.1821945551526674e-07
4.1821945551526674e-07
4.1821945551526674e-07
4.1821945551526674e-07
4.1821945551526674e-07
4.1821945551526674e-07
4.1821945551526674e-07
4.1821945551526674e-07
4.1821945551526674e-07
4.1821945551526674e-07
4.1821945551526674e-07
4.1821945551526674e-07
4.1821945551526674e-07
4.1821945551526674e-07
4.1821945551526674e-07
4.1821945551526674e-07
4.1821945551526674e-07
4.1821945551526674e-07
4.1821945551526674e-07
4.1821945551526674e-07
4.1821945551526674e-07
4.1821945551526674e-07
4.1821945551526674e-07
4.1821945551526674e-07
4.1821945551526674e-07
4.1821945551526674e-07
4.1821945551526674e-07
4.1821945551526674e-07
4.1821945551526674e-07
4.1821945551526674e-07
4.1821945551526674e-07
4.1821945551526674e-07
4.1821945551526674e-07
4.1821945551526674e-07
4.1821945551526674e-07
4.1821945551526674e-07
4.1821945551526674e-07
4.1821945551526674e-07
4.1821945551526674e-07
4.1821945551526674e-07
4.1821945551526674e-07
4.1821945551526674e-07
4.1821945551526674e-07
4.1821945551526674e-07
4.1821945551526674e-07
4.1821945551526674e-07
4.1821945551526674e-07
4.1821945551526674e-07
4.1821945551526674e-07
4.1821945551526674e-07
4.1821945551526674e-07
4.1821945551526674e-07
4.1821945551526674e-07
4.1821945551526674e-07
4.1821945551526674e-07
0.0001329032663872059
0.000742583296686175
0.0017038044238819384
0.0016282171729369635
0.0008008640424062941
0.000781023257093373
0.0005552547571079081
0.0003314633237433007
0.00041771707015121607
0.00042721642352334753
0.0006843876243851368
0.0009708576355963556
0.0006106152079360141
0.0002528734961339983
0.00015049816406288805
4.1821945551526674e-07
4.1821945551526674e-07
4.1821945551526674e-07
4.1821945551526674e-07
4.1821945551526674e-07
4.1821945551526674e-07
4.1821945551526674e-07
4.1821945551526674e-07
4.1821945551526674e-07
4.1821945551526674e-07
4.1821945551526674e-07
4.1821945551526674e-07
4.1821945551526674e-07
4.1821945551526674e-07
4.1821945551526674e-07
4.1821945551526674e-07
4.1821945551526674e-07
4.1821945551526674e-07
4.1821945551526674e-07
4.730943227540553e-05
0.00033541973076333656
0.0005178801959965072
0.0018895084707577679
0.00660198531836159
0.015154181334180505
0.033551127034316175
0.04057744486491351
0.039947368706159704
0.02548805399370427
0.015262265046182081
0.00761896314999682
0.002910123454483429
0.0029600870909300995
0.019298472913786672
0.028899088551242375
0.027417460114405132
0.019769842399650458
0.013368916535361201
0.009784221380973745
0.008543660805613276
0.0020380404246511537
0.0010849067501271328
0.0003536692437214269
9.169643306447382e-05
3.374452061566211e-05
4.1821945551526674e-07
4.1821945551526674e-07
4.1821945551526674e-07
4.1821945551526674e-07
4.1821945551526674e-07
4.1821945551526674e-07
4.1821945551526674e-07
4.1821945551526674e-07
4.1821945551526674e-07
4.1821945551526674e-07
4.1821945551526674e-07
4.1821945551526674e-07
4.1821945551526674e-07
4.1821945551526674e-07
4.1821945551526674e-07
4.1821945551526674e-07
4.1821945551526674e-07
4.1821945551526674e-07
4.1821945551526674e-07
4.1821945551526674e-07
4.1821945551526674e-07
4.1821945551526674e-07
4.1821945551526674e-07
4.1821945551526674e-07
4.1821945551526674e-07
4.1821945551526674e-07
4.1821945551526674e-07
4.1821945551526674e-07
4.1821945551526674e-07
4.1821945551526674e-07
4.1821945551526674e-07
4.1821945551526674e-07
4.1821945551526674e-07
4.1821945551526674e-07
4.1821945551526674e-07
4.1821945551526674e-07
4.1821945551526674e-07
4.1821945551526674e-07
4.1821945551526674e-07
4.1821945551526674e-07
4.1821945551526674e-07
4.1821945551526674e-07
4.1821945551526674e-07
4.1821945551526674e-07
4.1821945551526674e-07
4.1821945551526674e-07
4.1821945551526674e-07
4.1821945551526674e-07
4.1821945551526674e-07
4.1821945551526674e-07
4.1821945551526674e-07
4.1821945551526674e-07
4.1821945551526674e-07
4.1821945551526674e-07
4.158370540949312e-05
0.00018076333501733033
0.00024806501272491634
0.000680880909922902
0.0009521143654081079
0.0017824663261809626
0.0015343718000682802
0.0016961091618540182
0.0014722166571623976
0.001750625499791944
0.002102143993834012
0.0018726797442843869
0.0018066811471191301
0.0015555957460850081
0.0008758670369851418
0.0004799343621142991
0.00020904403731025734
0.00010699220717677692
0.00011658332190212555
0.00017821051264611893
0.0004542220473359817
0.00035782552040111097
6.606593459121625e-05
4.1821945551526674e-07
4.1821945551526674e-07
4.1821945551526674e-07
4.1821945551526674e-07
4.1821945551526674e-07
4.1821945551526674e-07
4.1821945551526674e-07
4.1821945551526674e-07
4.1821945551526674e-07
4.1821945551526674e-07
4.1821945551526674e-07
4.1821945551526674e-07
4.1821945551526674e-07
4.1821945551526674e-07
4.1821945551526674e-07
4.1821945551526674e-07
4.1821945551526674e-07
1.2057306770526347e-05
4.1821945551526674e-07
4.1821945551526674e-07
4.1821945551526674e-07
4.1821945551526674e-07
4.1821945551526674e-07
4.1821945551526674e-07
4.1821945551526674e-07
1.846523262218758e-05
8.080798729546087e-05
6.532672524703607e-05
2.209001896969392e-05
1.4473219984252543e-05
4.1821945551526674e-07
4.1821945551526674e-07
4.1821945551526674e-07
4.1821945551526674e-07
1.4963624729961743e-05
4.1821945551526674e-07
4.1821945551526674e-07
4.1821945551526674e-07
4.1821945551526674e-07
4.1821945551526674e-07
4.1821945551526674e-07
4.1821945551526674e-07
4.1821945551526674e-07
4.1821945551526674e-07
4.1821945551526674e-07
4.1821945551526674e-07
4.1821945551526674e-07
4.1821945551526674e-07
4.1821945551526674e-07
4.1821945551526674e-07
4.1821945551526674e-07
4.1821945551526674e-07
4.1821945551526674e-07
4.1821945551526674e-07
4.1821945551526674e-07
4.1821945551526674e-07
4.1821945551526674e-07
4.1821945551526674e-07
4.1821945551526674e-07
4.1821945551526674e-07
4.1821945551526674e-07
4.1821945551526674e-07
4.1821945551526674e-07
4.1821945551526674e-07
4.1821945551526674e-07
4.1821945551526674e-07
4.1821945551526674e-07
4.1821945551526674e-07
4.1821945551526674e-07
4.1821945551526674e-07
4.1821945551526674e-07
4.1821945551526674e-07
4.1821945551526674e-07
4.1821945551526674e-07
4.1821945551526674e-07
4.1821945551526674e-07
4.1821945551526674e-07
4.1821945551526674e-07
4.1821945551526674e-07
4.1821945551526674e-07
4.1821945551526674e-07
4.1821945551526674e-07
4.1821945551526674e-07
4.1821945551526674e-07
4.1821945551526674e-07
4.1821945551526674e-07
4.1821945551526674e-07
4.1821945551526674e-07
4.1821945551526674e-07
4.1821945551526674e-07
4.1821945551526674e-07
4.1821945551526674e-07
4.1821945551526674e-07
4.1821945551526674e-07
4.1821945551526674e-07
4.1821945551526674e-07
4.1821945551526674e-07
4.1821945551526674e-07
4.1821945551526674e-07
4.1821945551526674e-07
4.1821945551526674e-07
4.1821945551526674e-07
4.1821945551526674e-07
5.603473276198844e-05
8.491598333998565e-05
4.1821945551526674e-07
3.491836899647325e-05
1.897542464599091e-05
1.9488141962042586e-05
4.1821945551526674e-07
4.1821945551526674e-07
4.1821945551526674e-07
4.1821945551526674e-07
4.1821945551526674e-07
4.1821945551526674e-07
4.1821945551526674e-07
4.1821945551526674e-07
4.1821945551526674e-07
4.1821945551526674e-07
4.1821945551526674e-07
2.749000873286707e-05
4.1821945551526674e-07
4.1821945551526674e-07
4.1821945551526674e-07
4.1821945551526674e-07
4.1821945551526674e-07
4.1821945551526674e-07
4.1821945551526674e-07
4.1821945551526674e-07
4.1821945551526674e-07
4.1821945551526674e-07
4.1821945551526674e-07
4.1821945551526674e-07
4.1821945551526674e-07
4.1821945551526674e-07
4.1821945551526674e-07
4.1821945551526674e-07
4.1821945551526674e-07
4.1821945551526674e-07
1.1581268460831754e-05
4.1821945551526674e-07
4.1821945551526674e-07
4.1821945551526674e-07
4.1821945551526674e-07
4.1821945551526674e-07
0.00018856534715428416
0.0007501410637825599
0.0008587040512945132
0.0006138190518854449
0.00045927443949872877
0.00031789255186428415
0.00021331249449299235
0.00013610249935865063
0.0001586201415237477
0.00024966053426639015
0.0004542220473359817
0.00021474845638305248
4.1821945551526674e-07
4.1821945551526674e-07
4.1821945551526674e-07
4.1821945551526674e-07
2.112159305155292e-06
2.4756803752592095e-05
6.240527475761141e-05
4.1821945551526674e-07
4.1821945551526674e-07
4.1821945551526674e-07
4.1821945551526674e-07
4.1821945551526674e-07
4.1821945551526674e-07
4.1821945551526674e-07
4.1821945551526674e-07
4.1821945551526674e-07
4.1821945551526674e-07
4.1821945551526674e-07
4.1821945551526674e-07
4.1821945551526674e-07
4.1821945551526674e-07
4.1821945551526674e-07
4.1821945551526674e-07
4.1821945551526674e-07
4.1821945551526674e-07
4.1821945551526674e-07
4.1821945551526674e-07
4.1821945551526674e-07
4.1821945551526674e-07
4.1821945551526674e-07
4.1821945551526674e-07
4.1821945551526674e-07
4.1821945551526674e-07
4.1821945551526674e-07
4.1821945551526674e-07
4.1821945551526674e-07
4.1821945551526674e-07
4.1821945551526674e-07
4.1821945551526674e-07
4.1821945551526674e-07
4.1821945551526674e-07
4.1821945551526674e-07
4.1821945551526674e-07
4.1821945551526674e-07
4.1821945551526674e-07
4.1821945551526674e-07
4.1821945551526674e-07
4.1821945551526674e-07
4.1821945551526674e-07
4.1821945551526674e-07
0.00021331249449299235
0.0007093595048953729
0.0009661424158774787
0.0008048828978411115
0.0008845574880146694
0.0007732040245997502
0.001009295867875269
0.001286666967811144
0.0008048828978411115
0.0004368852841053776
0.00024332191727649788
0.00024019577330216922
0.00026938478612209435
0.00046693689962801937
0.0002386433864260919
0.00034750414317488595
0.00028490023520555223
0.0003946924086154945
0.0003902088689886811
0.0008211295054639289
0.000742583296686175
0.0006704505116466833
0.0006366371509984116
0.0011653603247968223
0.0013671487120629345
0.0012987729931373108
0.001054096496307939
0.0011434169565823187
0.0012275990476002978
0.00044921396623693265
0.0005178801959965072
0.0013356890636777683
0.0025366858851971295
0.0023975957500464175
0.001680810427726234
0.0021775879297759155
0.0017585383043655842
0.0015273538706807768
0.0017427441082966187
0.002225950654857857
0.002335718674598874
0.00362223859630885
0.011348104297189214
0.002922543370001297
0.002002192483946326
0.001054096496307939
0.0009110714127946506
0.0009336819500010559
0.0006914462789859401
0.0003103276022935584
4.730943227540553e-05
5.8127525099462624e-05
6.830505072691506e-05
0.000504060432779641
0.000961446847291135
6.313036111282722e-05
4.1821945551526674e-07
4.1821945551526674e-07
4.1821945551526674e-07
4.1821945551526674e-07
4.1821945551526674e-07
4.1821945551526674e-07
4.1821945551526674e-07
4.1821945551526674e-07
4.1821945551526674e-07
4.1821945551526674e-07
4.1821945551526674e-07
4.1821945551526674e-07
4.1821945551526674e-07
4.1821945551526674e-07
4.1821945551526674e-07
4.1821945551526674e-07
4.1821945551526674e-07
4.1821945551526674e-07
4.1821945551526674e-07
4.1821945551526674e-07
4.1821945551526674e-07
4.1821945551526674e-07
4.1821945551526674e-07
4.1821945551526674e-07
4.1821945551526674e-07
4.1821945551526674e-07
4.1821945551526674e-07
4.1821945551526674e-07
4.1821945551526674e-07
4.1821945551526674e-07
4.1821945551526674e-07
4.1821945551526674e-07
4.1821945551526674e-07
7.210951080430608e-05
1.846523262218758e-05
1.2535711790445848e-05
4.096286922450232e-05
0.0001820486535206696
0.00011658332190212555
5.465632490595088e-05
9.96400723984018e-05
7.365708741880272e-05
9.256233596632511e-05
1.5456462989396356e-05
7.057673880861431e-05
4.1821945551526674e-07
4.1821945551526674e-07
4.1821945551526674e-07
4.1821945551526674e-07
4.1821945551526674e-07
4.1821945551526674e-07
4.1821945551526674e-07
4.1821945551526674e-07
4.1821945551526674e-07
4.1821945551526674e-07
4.1821945551526674e-07
4.1821945551526674e-07
2.8044755520704956e-05
0.0003414213099737274
0.00043445202639833
0.0006773891920780051
0.000742583296686175
0.0002744863654395842
0.00027107759545438143
0.0001516422465441735
9.236195326068331e-06
4.1821945551526674e-07
3.405007458945186e-06
5.883189825385341e-05
3.61037590376232e-05
1.016724434801614e-05
2.104156285420814e-05
4.1821945551526674e-07
2.749000873286707e-05
2.421818204057534e-05
1.6449485304223922e-05
6.755508121727497e-05
0.00010236444348611713
0.0003902088689886811
0.0004296176395219437
0.0015842952420718158
0.0018229852200691528
0.0019581680828902135
0.000781023257093373
0.0017585383043655842
0.0028004430481458832
0.002255423560616552
0.0017427441082966187
0.0013419299204970976
0.0014386489910780133
0.0035772796495436945
0.00274111447497336
0.0015770771019588212
0.000942859596226299
0.002225950654857857
0.004306906337175893
0.009531165294286251
0.025573122527675386
0.011643478914778757
0.005463857926285648
0.0028244929282907755
0.0009155556871907062
0.0007501410637825599
0.0003394118050657009
0.0001952345951331162
3.405007458945186e-06
4.1821945551526674e-07
4.1821945551526674e-07
4.1821945551526674e-07
4.1821945551526674e-07
4.1821945551526674e-07
4.1821945551526674e-07
4.1821945551526674e-07
4.1821945551526674e-07
4.1821945551526674e-07
4.1821945551526674e-07
4.1821945551526674e-07
4.1821945551526674e-07
4.1821945551526674e-07
4.1821945551526674e-07
4.1821945551526674e-07
4.1821945551526674e-07
4.1821945551526674e-07
4.1821945551526674e-07
4.1821945551526674e-07
4.1821945551526674e-07
4.1821945551526674e-07
4.1821945551526674e-07
4.1821945551526674e-07
4.1821945551526674e-07
4.1821945551526674e-07
4.1821945551526674e-07
4.1821945551526674e-07
4.1821945551526674e-07
4.1821945551526674e-07
4.1821945551526674e-07
4.1821945551526674e-07
4.1821945551526674e-07
4.1821945551526674e-07
4.1821945551526674e-07
4.1821945551526674e-07
4.1821945551526674e-07
4.1821945551526674e-07
4.1821945551526674e-07
4.1821945551526674e-07
4.1821945551526674e-07
4.1821945551526674e-07
4.1821945551526674e-07
4.1821945551526674e-07
4.1821945551526674e-07
4.1821945551526674e-07
4.1821945551526674e-07
4.1821945551526674e-07
4.1821945551526674e-07
4.1821945551526674e-07
4.1821945551526674e-07
4.1821945551526674e-07
4.1821945551526674e-07
4.1821945551526674e-07
4.1821945551526674e-07
4.1821945551526674e-07
4.1821945551526674e-07
4.1821945551526674e-07
4.1821945551526674e-07
4.1821945551526674e-07
4.1821945551526674e-07
4.1821945551526674e-07
4.1821945551526674e-07
4.1821945551526674e-07
4.1821945551526674e-07
4.1821945551526674e-07
4.1821945551526674e-07
6.948664563820461e-06
4.1821945551526674e-07
4.1821945551526674e-07
4.1821945551526674e-07
4.1821945551526674e-07
4.1821945551526674e-07
4.1821945551526674e-07
4.1821945551526674e-07
4.1821945551526674e-07
4.1821945551526674e-07
4.1821945551526674e-07
4.1821945551526674e-07
4.1821945551526674e-07
4.1821945551526674e-07
4.1821945551526674e-07
4.1821945551526674e-07
4.1821945551526674e-07
4.1821945551526674e-07
4.1821945551526674e-07
4.1821945551526674e-07
4.1821945551526674e-07
4.1821945551526674e-07
4.1821945551526674e-07
4.1821945551526674e-07
4.1821945551526674e-07
4.1821945551526674e-07
4.1821945551526674e-07
4.1821945551526674e-07
4.1821945551526674e-07
4.1821945551526674e-07
4.1821945551526674e-07
4.1821945551526674e-07
4.1821945551526674e-07
4.1821945551526674e-07
4.1821945551526674e-07
1.6854952576662474e-06
1.4473219984252543e-05
4.1821945551526674e-07
4.1821945551526674e-07
4.1821945551526674e-07
4.1821945551526674e-07
4.1821945551526674e-07
4.1821945551526674e-07
4.1821945551526674e-07
4.1821945551526674e-07
4.1821945551526674e-07
4.1821945551526674e-07
4.1821945551526674e-07
4.1821945551526674e-07
4.1821945551526674e-07
4.1821945551526674e-07
4.1821945551526674e-07
4.1821945551526674e-07
4.1821945551526674e-07
4.1821945551526674e-07
4.1821945551526674e-07
4.1821945551526674e-07
4.1821945551526674e-07
4.1821945551526674e-07
4.1821945551526674e-07
4.1821945551526674e-07
4.1821945551526674e-07
4.1821945551526674e-07
4.1821945551526674e-07
4.1821945551526674e-07
4.1821945551526674e-07
4.1821945551526674e-07
4.1821945551526674e-07
4.1821945551526674e-07
4.1821945551526674e-07
4.1821945551526674e-07
4.1821945551526674e-07
4.1821945551526674e-07
4.1821945551526674e-07
1.2609572153005154e-06
0.00011560365777229908
0.0008418279273899678
0.0010694058782455772
0.0016208233344233265
0.0025697847741390687
0.002682907849535136
0.004844888211290228
0.004884112706365011
0.006104316665286051
0.005334695579377829
0.006323963880706841
0.0040501535367717945
0.002682907849535136
0.0015203641295567913
0.000702148214832408
0.0002294767719938451
0.0002104603129225877
0.00014374495584751581
5.883189825385341e-05
0.00011658332190212555
0.00016701174896730338
0.00028666357850053626
0.00031409303892000344
0.00018076333501733033
0.00047210165104128615
0.0008418279273899678
0.0003217264255398145
0.00010512791409933538
9.256233596632511e-05
0.00011077424712389733
5.329120576535909e-05
8.080798729546087e-05
0.00010420238076200091
0.0002104603129225877
0.00024966053426639015
0.0002561158892805798
0.00046693689962801937
0.0005348671470728068
0.00023555983274114556
2.2618135368530962e-05
4.1821945551526674e-07
7.401631324762366e-06
1.398523749888997e-05
5.465632490595088e-05
0.00014153573219890015
0.00018988688758190964
0.00021909616434388082
5.465632490595088e-05
8.243940034545232e-05
9.169643306447382e-05
2.2618135368530962e-05
4.1821945551526674e-07
4.1821945551526674e-07
4.1821945551526674e-07
4.1821945551526674e-07
4.1821945551526674e-07
4.1821945551526674e-07
4.1821945551526674e-07
4.1821945551526674e-07
4.1821945551526674e-07
4.1821945551526674e-07
4.1821945551526674e-07
4.1821945551526674e-07
4.1821945551526674e-07
4.1821945551526674e-07
4.1821945551526674e-07
4.1821945551526674e-07
4.1821945551526674e-07
4.1821945551526674e-07
4.1821945551526674e-07
4.1821945551526674e-07
4.1821945551526674e-07
4.1821945551526674e-07
4.1821945551526674e-07
4.1821945551526674e-07
4.1821945551526674e-07
4.1821945551526674e-07
4.1821945551526674e-07
4.1821945551526674e-07
4.1821945551526674e-07
4.1821945551526674e-07
4.1821945551526674e-07
4.1821945551526674e-07
4.1821945551526674e-07
4.1821945551526674e-07
4.1821945551526674e-07
4.1821945551526674e-07
4.1821945551526674e-07
4.1821945551526674e-07
4.1821945551526674e-07
4.1821945551526674e-07
4.1821945551526674e-07
4.1821945551526674e-07
4.1821945551526674e-07
4.1821945551526674e-07
4.1821945551526674e-07
4.1821945551526674e-07
4.1821945551526674e-07
4.1821945551526674e-07
4.1821945551526674e-07
4.1821945551526674e-07
4.1821945551526674e-07
4.1821945551526674e-07
4.1821945551526674e-07
4.1821945551526674e-07
4.1821945551526674e-07
4.1821945551526674e-07
4.1821945551526674e-07
4.1821945551526674e-07
4.1821945551526674e-07
4.1821945551526674e-07
4.1821945551526674e-07
4.1821945551526674e-07
4.1821945551526674e-07
4.1821945551526674e-07
4.1821945551526674e-07
4.1821945551526674e-07
4.1821945551526674e-07
4.1821945551526674e-07
4.1821945551526674e-07
4.1821945551526674e-07
4.1821945551526674e-07
4.1821945551526674e-07
4.1821945551526674e-07
4.1821945551526674e-07
4.1821945551526674e-07
4.1821945551526674e-07
4.1821945551526674e-07
4.1821945551526674e-07
4.1821945551526674e-07
4.1821945551526674e-07
4.1821945551526674e-07
4.1821945551526674e-07
4.1821945551526674e-07
4.1821945551526674e-07
4.1821945551526674e-07
4.1821945551526674e-07
4.717351414020623e-06
4.1821945551526674e-07
5.329120576535909e-05
0.00019388838349799424
0.00037051953720218495
0.0004037798870148761
0.0009803473280432622
0.0008845574880146694
0.0003374112910335575
0.0003314633237433007
0.0005493662218883016
0.0014519947175024475
0.0013544880551919598
0.0006985656295900247
9.256233596632511e-05
8.774128586905785e-06
4.1821945551526674e-07
4.1821945551526674e-07
2.749000873286707e-05
4.2207575535716617e-05
4.1821945551526674e-07
4.1821945551526674e-07
4.1821945551526674e-07
4.1821945551526674e-07
4.1821945551526674e-07
4.1821945551526674e-07
4.1821945551526674e-07
4.1821945551526674e-07
4.1821945551526674e-07
4.1821945551526674e-07
4.1821945551526674e-07
4.1821945551526674e-07
4.1821945551526674e-07
4.1821945551526674e-07
4.1821945551526674e-07
4.1821945551526674e-07
4.1821945551526674e-07
4.1821945551526674e-07
4.1821945551526674e-07
4.1821945551526674e-07
4.1821945551526674e-07
4.1821945551526674e-07
4.1821945551526674e-07
4.1821945551526674e-07
4.1821945551526674e-07
4.1821945551526674e-07
4.1821945551526674e-07
4.1821945551526674e-07
4.1821945551526674e-07
4.1821945551526674e-07
4.1821945551526674e-07
4.1821945551526674e-07
4.1821945551526674e-07
4.1821945551526674e-07
4.1821945551526674e-07
4.1821945551526674e-07
4.1821945551526674e-07
4.1821945551526674e-07
4.1821945551526674e-07
4.1821945551526674e-07
4.1821945551526674e-07
4.1821945551526674e-07
4.1821945551526674e-07
4.1821945551526674e-07
4.1821945551526674e-07
4.1821945551526674e-07
4.1821945551526674e-07
4.1821945551526674e-07
4.1821945551526674e-07
4.1821945551526674e-07
4.1821945551526674e-07
0.0002528734961339983
0.00024019577330216922
0.0003103276022935584
0.0007388284839669272
0.0012806509170751551
0.0010642815810283405
0.0006366371509984116
0.0003748269751917197
0.0004542220473359817
0.0003103276022935584
2.860223332022215e-05
4.537292195379592e-05
3.200515897274475e-05
4.861621874534112e-05
0.00021474845638305248
0.00040149286469402443
0.0005582182793898238
0.000694998337551608
5.603473276198844e-05
4.1821945551526674e-07
4.1821945551526674e-07
4.1821945551526674e-07
2.6937980440649776e-05
4.1821945551526674e-07
4.1821945551526674e-07
4.1821945551526674e-07
4.1821945551526674e-07
