0.13036938936171458
0.1225590982736464
0.09918848513626485
0.02750809262164502
0.012894235276907903
0.004728898006598107
0.0019235674219907199
0.00010512791409933538
9.518494464757733e-05
9.256233596632511e-05
1.9488141962042586e-05
0.00014709785078284246
0.00014485735688594262
3.730079673663818e-05
4.1821945551526674e-07
4.1821945551526674e-07
4.1821945551526674e-07
4.1821945551526674e-07
4.1821945551526674e-07
4.1821945551526674e-07
4.1821945551526674e-07
4.1821945551526674e-07
4.1821945551526674e-07
4.1821945551526674e-07
4.1821945551526674e-07
4.1821945551526674e-07
4.1821945551526674e-07
4.1821945551526674e-07
4.1821945551526674e-07
0.00013717896926209862
0.0005611947065115004
0.0010290005552960541
0.00015049816406288805
7.521960187700902e-05
4.1821945551526674e-07
4.1821945551526674e-07
4.1821945551526674e-07
4.1821945551526674e-07
4.1821945551526674e-07
0.0003047427235255585
0.0005762722244460322
0.0009995658363664576
0.002848726644358124
0.0013419299204970976
0.0017985774832454263
0.0012046408852339557
0.0016732067359430047
0.0015627274584292538
0.0019150021990455679
0.00012054859646342047
0.00010605784974451842
0.0003374112910335575
0.0001820486535206696
0.0001621830508161896
0.00029741286861591893
0.000792877225945585
0.0009336819500010559
0.0007615990090987066
0.0004467264304891549
7.443646904807915e-05
6.240527475761141e-05
4.1821945551526674e-07
4.1821945551526674e-07
4.1821945551526674e-07
4.1821945551526674e-07
4.1821945551526674e-07
4.1821945551526674e-07
4.1821945551526674e-07
4.1821945551526674e-07
4.1821945551526674e-07
4.1821945551526674e-07
4.1821945551526674e-07
4.1821945551526674e-07
4.1821945551526674e-07
4.1821945551526674e-07
4.1821945551526674e-07
4.1821945551526674e-07
4.1821945551526674e-07
4.1821945551526674e-07
4.1821945551526674e-07
1.1107585893406713e-05
2.6388658180851257e-05
0.00015279169001597523
0.00011756762735174486
0.00011855659456442669
0.0003454674415668823
0.0002118831226795302
4.1821945551526674e-07
4.1821945551526674e-07
5.2613592031081934e-05
0.00012054859646342047
4.1821945551526674e-07
4.1821945551526674e-07
4.1821945551526674e-07
4.1821945551526674e-07
4.1821945551526674e-07
4.1821945551526674e-07
4.1821945551526674e-07
4.1821945551526674e-07
4.1821945551526674e-07
4.1821945551526674e-07
4.1821945551526674e-07
4.1821945551526674e-07
4.1821945551526674e-07
4.1821945551526674e-07
4.1821945551526674e-07
4.1821945551526674e-07
4.1821945551526674e-07
4.1821945551526674e-07
4.1821945551526674e-07
4.1821945551526674e-07
4.1821945551526674e-07
4.1821945551526674e-07
4.1821945551526674e-07
4.1821945551526674e-07
4.1821945551526674e-07
4.1821945551526674e-07
6.385895442358655e-05
0.00020483413783674347
0.00012255949279482532
8.742834526053635e-05
4.1821945551526674e-07
4.1821945551526674e-07
4.346447305630869e-05
9.874054821997341e-05
0.0001872499086963001
0.00032559494650050407
0.00012155167244851496
5.9539684819780406e-05
4.1821945551526674e-07
4.1821945551526674e-07
4.1821945551526674e-07
1.398523749888997e-05
4.1821945551526674e-07
0.0001235720783596293
0.00011269231009596723
4.1821945551526674e-07
4.1821945551526674e-07
4.1821945551526674e-07
4.1821945551526674e-07
4.1821945551526674e-07
4.1821945551526674e-07
4.1821945551526674e-07
4.1821945551526674e-07
4.1821945551526674e-07
4.1821945551526674e-07
4.1821945551526674e-07
4.1821945551526674e-07
4.1821945551526674e-07
4.1821945551526674e-07
4.1821945551526674e-07
4.1821945551526674e-07
4.1821945551526674e-07
4.1821945551526674e-07
4.1821945551526674e-07
4.1821945551526674e-07
4.1821945551526674e-07
5.15917927094416e-06
1.6449485304223922e-05
6.497946417084116e-06
4.158370540949312e-05
0.00010328123033177369
0.00021909616434388082
8.326098202658756e-05
4.1821945551526674e-07
1.5951746064151342e-05
3.840275724441357e-06
0.000646628961050359
0.0005123160239849931
0.0010642815810283405
0.0010953481208964627
0.0014188317780883927
0.0016580901562959934
0.0011218323890546786
0.00362223859630885
0.0034598150478597866
0.0011933023417513887
0.00042007616762730306
0.0001235720783596293
7.288144023329351e-05
0.0001297488399264648
0.00011756762735174486
0.00016701174896730338
4.796123798652165e-05
4.1821945551526674e-07
4.1821945551526674e-07
3.911842671788757e-05
4.1821945551526674e-07
4.1821945551526674e-07
4.1821945551526674e-07
4.1821945551526674e-07
4.1821945551526674e-07
4.1821945551526674e-07
4.1821945551526674e-07
4.1821945551526674e-07
4.1821945551526674e-07
4.1821945551526674e-07
4.1821945551526674e-07
4.1821945551526674e-07
4.1821945551526674e-07
4.1821945551526674e-07
0.00013610249935865063
5.1939255681021757e-05
1.7452377923443016e-05
9.169643306447382e-05
0.00014709785078284246
8.326098202658756e-05
3.085970681754776e-05
5.603214164861691e-06
4.1821945551526674e-07
0.00012054859646342047
0.00014263775514800113
0.0006366371509984116
0.0008089188057303779
0.0021968199958897934
0.00278848665709045
0.0036071965376023056
0.002998060147629564
0.0031676786338159586
0.0034023842833373064
0.004185332782034755
0.0023871828582324056
0.002020046053099673
0.002648514499756252
0.002503966746635501
0.001598818683788899
0.0011164916829414606
0.001132580157870841
0.0008758670369851418
0.0009110714127946506
0.001216072887755613
0.0012450663710943638
0.00056418408999548
0.0006042488837659213
0.0003374112910335575
0.00044921396623693265
0.00021764026301633705
0.0001516422465441735
3.5509614705562055e-05
4.1821945551526674e-07
4.1821945551526674e-07
4.1821945551526674e-07
4.1821945551526674e-07
4.1821945551526674e-07
4.1821945551526674e-07
4.1821945551526674e-07
4.1821945551526674e-07
4.1821945551526674e-07
4.1821945551526674e-07
4.1821945551526674e-07
4.1821945551526674e-07
4.1821945551526674e-07
4.1821945551526674e-07
4.1821945551526674e-07
4.1821945551526674e-07
4.1821945551526674e-07
4.1821945551526674e-07
4.1821945551526674e-07
4.1821945551526674e-07
4.1821945551526674e-07
4.1821945551526674e-07
4.1821945551526674e-07
4.1821945551526674e-07
4.1821945551526674e-07
4.1821945551526674e-07
4.1821945551526674e-07
4.1821945551526674e-07
4.1821945551526674e-07
4.1821945551526674e-07
4.1821945551526674e-07
3.2582108786105586e-05
4.1821945551526674e-07
4.1821945551526674e-07
4.1821945551526674e-07
4.1821945551526674e-07
4.1821945551526674e-07
4.1821945551526674e-07
4.1821945551526674e-07
4.1821945551526674e-07
4.1821945551526674e-07
4.1821945551526674e-07
4.1821945551526674e-07
4.1821945551526674e-07
4.1821945551526674e-07
4.1821945551526674e-07
4.1821945551526674e-07
4.1821945551526674e-07
4.1821945551526674e-07
4.1821945551526674e-07
4.1821945551526674e-07
4.1821945551526674e-07
4.1821945551526674e-07
4.1821945551526674e-07
4.1821945551526674e-07
4.1821945551526674e-07
4.1821945551526674e-07
4.1821945551526674e-07
4.1821945551526674e-07
4.1821945551526674e-07
4.1821945551526674e-07
4.1821945551526674e-07
4.1821945551526674e-07
4.1821945551526674e-07
4.1821945551526674e-07
4.1821945551526674e-07
4.1821945551526674e-07
4.1821945551526674e-07
4.1821945551526674e-07
4.1821945551526674e-07
4.1821945551526674e-07
4.1821945551526674e-07
4.1821945551526674e-07
4.1821945551526674e-07
4.1821945551526674e-07
4.1821945551526674e-07
4.1821945551526674e-07
4.1821945551526674e-07
4.1821945551526674e-07
4.1821945551526674e-07
4.1821945551526674e-07
4.1821945551526674e-07
4.1821945551526674e-07
4.1821945551526674e-07
4.1821945551526674e-07
4.1821945551526674e-07
4.1821945551526674e-07
4.1821945551526674e-07
4.1821945551526674e-07
4.1821945551526674e-07
4.1821945551526674e-07
4.1821945551526674e-07
4.1821945551526674e-07
4.1821945551526674e-07
4.1821945551526674e-07
4.1821945551526674e-07
4.1821945551526674e-07
4.1821945551526674e-07
4.1821945551526674e-07
4.1821945551526674e-07
4.1821945551526674e-07
7.443646904807915e-05
0.0001297488399264648
4.1821945551526674e-07
4.1821945551526674e-07
4.1821945551526674e-07
4.1821945551526674e-07
4.1821945551526674e-07
4.1821945551526674e-07
4.1821945551526674e-07
4.1821945551526674e-07
5.329120576535909e-05
7.600650273037106e-05
1.016724434801614e-05
4.1821945551526674e-07
4.717351414020623e-06
0.0001682330409901979
0.000792877225945585
0.0005291553633535824
0.0001393471296450617
4.1821945551526674e-07
4.1821945551526674e-07
4.1821945551526674e-07
4.1821945551526674e-07
4.1821945551526674e-07
4.1821945551526674e-07
4.1821945551526674e-07
4.1821945551526674e-07
4.1821945551526674e-07
2.3148859973065797e-05
5.534386022694787e-05
0.0005493662218883016
7.679718850208893e-05
4.1821945551526674e-07
4.1821945551526674e-07
4.1821945551526674e-07
4.1821945551526674e-07
4.1821945551526674e-07
1.0636248147226564e-05
4.1821945551526674e-07
4.1821945551526674e-07
4.1821945551526674e-07
4.1821945551526674e-07
4.1821945551526674e-07
4.1821945551526674e-07
4.1821945551526674e-07
4.1821945551526674e-07
4.1821945551526674e-07
4.1821945551526674e-07
4.1821945551526674e-07
4.1821945551526674e-07
4.1821945551526674e-07
4.1821945551526674e-07
4.1821945551526674e-07
4.1821945551526674e-07
4.1821945551526674e-07
4.1821945551526674e-07
4.1821945551526674e-07
4.1821945551526674e-07
5.883189825385341e-05
4.1821945551526674e-07
4.1821945551526674e-07
4.1821945551526674e-07
3.0291178746524636e-05
4.1821945551526674e-07
4.1821945551526674e-07
4.1821945551526674e-07
4.1821945551526674e-07
0.00017948396323348096
0.0004320294927018021
0.00035782552040111097
0.00033343708727926277
0.00032754228984960423
0.0002676996508035356
0.00015394651779406768
9.256233596632511e-05
4.1821945551526674e-07
4.1821945551526674e-07
4.1821945551526674e-07
4.1821945551526674e-07
8.243940034545232e-05
4.1821945551526674e-07
0.0002577482003649342
0.0003103276022935584
0.0003946924086154945
0.0009567708552478629
0.00037699513950966535
0.0004442498386152374
0.00024019577330216922
0.00015279169001597523
2.104156285420814e-05
1.3499666068525922e-05
4.861621874534112e-05
0.00010054388364771395
4.1821945551526674e-07
4.1821945551526674e-07
3.0291178746524636e-05
8.385352447237871e-07
4.1821945551526674e-07
4.1821945551526674e-07
4.346447305630869e-05
0.00011855659456442669
0.00026268996787294355
0.0007615990090987066
0.0007693192390129263
0.0011709028614675493
0.0013544880551919598
0.0008293564506535819
0.000781023257093373
0.0006300472849622466
0.0003879820059015201
0.00020904403731025734
9.96400723984018e-05
0.00018594054607975617
3.3161891666773284e-05
4.1821945551526674e-07
4.1821945551526674e-07
4.1821945551526674e-07
4.1821945551526674e-07
4.1821945551526674e-07
4.1821945551526674e-07
4.1821945551526674e-07
4.1821945551526674e-07
4.1821945551526674e-07
4.1821945551526674e-07
4.1821945551526674e-07
0.00023555983274114556
0.0007577634374066777
0.0001493594193483699
5.672895762444332e-05
2.0003396264418724e-05
4.1821945551526674e-07
2.421818204057534e-05
0.0003495499855054227
0.0005671864815479923
0.00011462861460091798
4.1821945551526674e-07
4.1821945551526674e-07
4.1821945551526674e-07
4.1821945551526674e-07
4.1821945551526674e-07
4.1821945551526674e-07
4.1821945551526674e-07
4.1821945551526674e-07
4.1821945551526674e-07
4.1821945551526674e-07
4.1821945551526674e-07
4.1821945551526674e-07
4.1821945551526674e-07
4.1821945551526674e-07
4.1821945551526674e-07
4.1821945551526674e-07
4.1821945551526674e-07
4.1821945551526674e-07
4.1821945551526674e-07
4.1821945551526674e-07
4.1821945551526674e-07
4.1821945551526674e-07
4.1821945551526674e-07
4.1821945551526674e-07
0.00021764026301633705
0.0001459749809415802
6.02509002271068e-05
2.9725432284022987e-05
9.700563668069177e-06
2.6388658180851257e-05
8.774128586905785e-06
2.0003396264418724e-05
0.00046693689962801937
0.0008008640424062941
0.0002831448609834668
7.838998272353152e-05
8.658688627788707e-05
5.8127525099462624e-05
0.00012255949279482532
0.0003857650264925249
0.00017193119130851287
2.3682204830817788e-05
4.1821945551526674e-07
4.1821945551526674e-07
4.1821945551526674e-07
4.1821945551526674e-07
4.1821945551526674e-07
4.1821945551526674e-07
4.1821945551526674e-07
4.1821945551526674e-07
4.1821945551526674e-07
4.1821945551526674e-07
3.790371682666185e-05
4.1821945551526674e-07
4.1821945551526674e-07
4.1821945551526674e-07
4.1821945551526674e-07
4.1821945551526674e-07
4.1821945551526674e-07
4.1821945551526674e-07
4.1821945551526674e-07
4.1821945551526674e-07
4.1821945551526674e-07
4.1821945551526674e-07
4.1821945551526674e-07
4.1821945551526674e-07
4.1821945551526674e-07
4.1821945551526674e-07
4.1821945551526674e-07
4.1821945551526674e-07
4.1821945551526674e-07
4.1821945551526674e-07
4.1821945551526674e-07
4.1821945551526674e-07
4.1821945551526674e-07
0.00015510675328657192
0.000570201933059511
0.0004224457305175551
0.00022350420217859162
0.0002118831226795302
6.168367960567218e-05
0.0002831448609834668
0.00014263775514800113
0.00042721642352334753
0.0005793271690282299
9.083464954458178e-05
6.905863929706567e-05
0.0001276704928846307
7.210951080430608e-05
4.1821945551526674e-07
5.883189825385341e-05
5.7426549990513285e-05
4.1821945551526674e-07
8.314352761504461e-06
4.861621874534112e-05
9.784529217673233e-05
0.0004517124903135617
0.0003748269751917197
0.000570201933059511
0.0011709028614675493
0.000570201933059511
0.00018594054607975617
4.1821945551526674e-07
4.1821945551526674e-07
0.0001297488399264648
0.00047210165104128615
0.0007539441433465716
0.00031980517575135476
9.874054821997341e-05
4.283449344976104e-05
0.0002448957347829302
0.000573230496605312
0.0002294767719938451
0.0003992159717088013
6.755508121727497e-05
4.1821945551526674e-07
4.1821945551526674e-07
4.1821945551526674e-07
4.1821945551526674e-07
4.1821945551526674e-07
4.1821945551526674e-07
4.1821945551526674e-07
4.1821945551526674e-07
4.1821945551526674e-07
4.1821945551526674e-07
4.1821945551526674e-07
4.1821945551526674e-07
4.1821945551526674e-07
4.1821945551526674e-07
4.1821945551526674e-07
4.1821945551526674e-07
4.1821945551526674e-07
4.1821945551526674e-07
4.1821945551526674e-07
2.0003396264418724e-05
4.1821945551526674e-07
4.1821945551526674e-07
4.1821945551526674e-07
4.1821945551526674e-07
4.1821945551526674e-07
4.1821945551526674e-07
4.1821945551526674e-07
4.1821945551526674e-07
4.1821945551526674e-07
4.1821945551526674e-07
4.1821945551526674e-07
4.1821945551526674e-07
4.1821945551526674e-07
4.1821945551526674e-07
4.1821945551526674e-07
4.1821945551526674e-07
4.1821945551526674e-07
4.1821945551526674e-07
4.1821945551526674e-07
4.1821945551526674e-07
4.1821945551526674e-07
4.1821945551526674e-07
4.1821945551526674e-07
4.1821945551526674e-07
4.1821945551526674e-07
4.1821945551526674e-07
4.1821945551526674e-07
4.1821945551526674e-07
4.1821945551526674e-07
4.1821945551526674e-07
2.529808216878381e-05
0.00024332191727649788
0.0002279733441721462
0.00026938478612209435
0.00019931074202002955
4.0345053192032316e-05
4.1821945551526674e-07
4.1821945551526674e-07
4.1821945551526674e-07
4.1821945551526674e-07
4.1821945551526674e-07
4.1821945551526674e-07
4.1821945551526674e-07
4.1821945551526674e-07
3.85095889862212e-05
6.313036111282722e-05
4.1821945551526674e-07
4.1821945551526674e-07
4.1821945551526674e-07
4.1821945551526674e-07
4.1821945551526674e-07
4.1821945551526674e-07
4.1821945551526674e-07
4.1821945551526674e-07
4.1821945551526674e-07
4.1821945551526674e-07
4.1821945551526674e-07
4.1821945551526674e-07
4.1821945551526674e-07
4.1821945551526674e-07
4.1821945551526674e-07
4.1821945551526674e-07
4.1821945551526674e-07
4.1821945551526674e-07
4.1821945551526674e-07
4.1821945551526674e-07
4.1821945551526674e-07
1.6449485304223922e-05
7.679718850208893e-05
8.658688627788707e-05
0.00019121455620946083
0.0005234931781946105
0.0038706528050766686
0.005640417972605003
0.005985256754639018
0.009968613051259316
0.013958870893501247
0.014364834843522212
0.01592514938191825
0.00963889665079164
0.008873375890370551
0.009531165294286251
0.01225473752907891
0.009179748763494987
0.010080723829419325
0.01570142446879349
0.01696701524905092
0.0116862266914643
0.006274552822020435
0.0015484926346175038
0.0008629677320329522
0.002935010507847686
0.004844888211290228
0.0032351618764110716
0.001665633348461932
0.0005123160239849931
0.0003662503572543451
6.0965559969700685e-05
0.00027107759545438143
0.0006985656295900247
0.0006300472849622466
0.0010191072348358014
0.0004248258015285538
0.0003902088689886811
0.00010236444348611713
0.00034750414317488595
0.000742583296686175
0.0003374112910335575
0.00031409303892000344
0.00015279169001597523
0.00039694916673886784
0.00034750414317488595
0.0004517124903135617
0.0006843876243851368
0.001814817020973844
0.001221824154191636
0.0004986165862316802
0.0002727781110895458
0.0002676996508035356
0.00027965788675017816
0.00044921396623693265
0.0003748269751917197
0.00018594054607975617
0.0002992329380035534
0.0002744863654395842
0.0003683801846117332
0.00021619103647832667
0.00019121455620946083
0.0002370980828777443
7.600650273037106e-05
4.861621874534112e-05
4.1821945551526674e-07
4.1821945551526674e-07
4.1821945551526674e-07
4.1821945551526674e-07
4.1821945551526674e-07
4.1821945551526674e-07
4.1821945551526674e-07
4.1821945551526674e-07
4.1821945551526674e-07
4.1821945551526674e-07
4.1821945551526674e-07
4.1821945551526674e-07
4.1821945551526674e-07
4.1821945551526674e-07
4.1821945551526674e-07
4.1821945551526674e-07
4.1821945551526674e-07
4.1821945551526674e-07
4.1821945551526674e-07
4.1821945551526674e-07
4.1821945551526674e-07
4.1821945551526674e-07
4.1821945551526674e-07
4.1821945551526674e-07
4.1821945551526674e-07
4.1821945551526674e-07
4.1821945551526674e-07
4.1821945551526674e-07
4.1821945551526674e-07
4.1821945551526674e-07
4.1821945551526674e-07
4.1821945551526674e-07
4.1821945551526674e-07
4.1821945551526674e-07
4.1821945551526674e-07
4.1821945551526674e-07
4.1821945551526674e-07
4.1821945551526674e-07
8.314352761504461e-06
6.0965559969700685e-05
0.00014822598926857454
0.00010512791409933538
6.385895442358655e-05
6.606593459121625e-05
0.0002264767926584861
0.0002118831226795302
0.0001493594193483699
0.00019254837936965512
3.3161891666773284e-05
4.1821945551526674e-07
4.1821945551526674e-07
4.1821945551526674e-07
4.1821945551526674e-07
4.1821945551526674e-07
4.1821945551526674e-07
4.1821945551526674e-07
4.1821945551526674e-07
4.1821945551526674e-07
4.1821945551526674e-07
4.1821945551526674e-07
4.1821945551526674e-07
4.1821945551526674e-07
4.1821945551526674e-07
4.1821945551526674e-07
4.1821945551526674e-07
4.1821945551526674e-07
4.1821945551526674e-07
4.1821945551526674e-07
4.1821945551526674e-07
4.1821945551526674e-07
4.409752831835428e-05
6.680871455440406e-05
5.534386022694787e-05
8.574943824308297e-05
0.00011173100844669806
0.00010512791409933538
0.00010054388364771395
9.518494464757733e-05
0.0001493594193483699
8.491598333998565e-05
4.1821945551526674e-07
4.1821945551526674e-07
4.1821945551526674e-07
3.730079673663818e-05
4.1821945551526674e-07
4.1821945551526674e-07
2.860223332022215e-05
0.0006010862946793585
0.00031980517575135476
8.827383307993124e-05
0.0002448957347829302
0.0006267735858813675
0.0004442498386152374
0.0008334960676498367
0.0010901166359383653
0.0007350896353687716
0.0007577634374066777
0.000504060432779641
0.0002676996508035356
0.00010605784974451842
0.00010793100595410505
0.0002062309774104609
0.0004878708852915705
0.0008715491555106396
0.0026944603340796295
0.0028365867287181838
0.0024290770426978556
0.0014587081515780988
0.001274659386318895
0.000656750541082985
0.00024332191727649788
6.240527475761141e-05
0.0005095521198254942
0.0007057461532181393
0.0012275990476002978
0.0005435286923250356
4.796123798652165e-05
3.2582108786105586e-05
0.00024332191727649788
0.00027107759545438143
0.00012561162899256146
0.00010145200098041932
4.1821945551526674e-07
4.1821945551526674e-07
4.1821945551526674e-07
4.1821945551526674e-07
4.1821945551526674e-07
4.1821945551526674e-07
4.1821945551526674e-07
4.1821945551526674e-07
4.1821945551526674e-07
4.1821945551526674e-07
4.1821945551526674e-07
2.2618135368530962e-05
4.1821945551526674e-07
4.1821945551526674e-07
4.1821945551526674e-07
2.4756803752592095e-05
0.00020904403731025734
0.00032365633711590086
9.169643306447382e-05
9.96400723984018e-05
6.02509002271068e-05
2.209001896969392e-05
0.0003748269751917197
0.0002544909982708175
0.0004542220473359817
0.0005348671470728068
0.0033178329878246187
0.0013608055211462968
0.001187667900179414
0.000985121951206015
0.00016701174896730338
4.666078723463647e-05
4.1821945551526674e-07
7.288144023329351e-05
0.00012561162899256146
5.15917927094416e-06
4.1821945551526674e-07
4.1821945551526674e-07
4.1821945551526674e-07
4.1821945551526674e-07
4.1821945551526674e-07
4.1821945551526674e-07
4.1821945551526674e-07
4.1821945551526674e-07
4.1821945551526674e-07
4.1821945551526674e-07
4.1821945551526674e-07
4.1821945551526674e-07
4.1821945551526674e-07
4.1821945551526674e-07
4.1821945551526674e-07
4.1821945551526674e-07
4.1821945551526674e-07
4.1821945551526674e-07
4.1821945551526674e-07
4.1821945551526674e-07
4.1821945551526674e-07
4.1821945551526674e-07
4.1821945551526674e-07
4.1821945551526674e-07
4.1821945551526674e-07
4.1821945551526674e-07
4.1821945551526674e-07
4.1821945551526674e-07
4.1821945551526674e-07
4.1821945551526674e-07
4.1821945551526674e-07
4.1821945551526674e-07
0.00013610249935865063
0.0036373366435647186
0.0046341419099830685
0.006008901477572134
0.007707237859848668
0.009076595141458685
0.0073311854962891726
0.008193609716285957
0.012389358500156971
0.007560615088049959
0.005023643032686542
0.004903831163202014
0.008773292504924713
0.005529480766246566
0.004486057606784239
0.0008252342856446661
0.0008211295054639289
0.0008376532040222524
0.0001769429578319006
0.00010512791409933538
7.365708741880272e-05
6.0494664229690885e-06
4.1821945551526674e-07
0.00012458945008389163
0.00011269231009596723
4.1821945551526674e-07
4.1821945551526674e-07
4.1821945551526674e-07
4.1821945551526674e-07
8.243940034545232e-05
0.0001516422465441735
0.00011756762735174486
0.00012155167244851496
4.1821945551526674e-07
4.1821945551526674e-07
4.1821945551526674e-07
4.1821945551526674e-07
4.1821945551526674e-07
4.1821945551526674e-07
4.1821945551526674e-07
4.1821945551526674e-07
4.1821945551526674e-07
0.0003414213099737274
0.00024806501272491634
0.0002076342680384362
0.0002279733441721462
0.00017193119130851287
0.00015049816406288805
4.1821945551526674e-07
4.1821945551526674e-07
4.1821945551526674e-07
4.1821945551526674e-07
4.1821945551526674e-07
4.1821945551526674e-07
4.1821945551526674e-07
4.1821945551526674e-07
4.1821945551526674e-07
4.1821945551526674e-07
4.1821945551526674e-07
4.1821945551526674e-07
4.1821945551526674e-07
4.1821945551526674e-07
4.1821945551526674e-07
4.1821945551526674e-07
4.1821945551526674e-07
4.1821945551526674e-07
4.1821945551526674e-07
4.1821945551526674e-07
4.1821945551526674e-07
4.1821945551526674e-07
4.1821945551526674e-07
4.1821945551526674e-07
4.1821945551526674e-07
4.1821945551526674e-07
4.1821945551526674e-07
5.9539684819780406e-05
0.0004248258015285538
0.0005377417627940676
0.0004130301013945983
0.0005068002721936703
0.0005377417627940676
0.001187667900179414
0.0014790119279027001
0.0006601535047763028
0.00056418408999548
0.00036201912199936194
0.0008252342856446661
0.0007202926443020933
0.0006366371509984116
0.0004932201971600888
0.00032559494650050407
0.0004959124833426329
0.00036413001603403515
0.0002676996508035356
9.606750913543733e-05
6.168367960567218e-05
0.00024966053426639015
0.0002118831226795302
0.0002264767926584861
0.00042007616762730306
0.00016338180356205767
7.856857206639839e-06
4.1821945551526674e-07
4.1821945551526674e-07
4.1821945551526674e-07
4.1821945551526674e-07
4.1821945551526674e-07
4.1821945551526674e-07
4.1821945551526674e-07
4.1821945551526674e-07
6.755508121727497e-05
0.0012509366552643428
0.0010953481208964627
0.0008587040512945132
0.0004037798870148761
4.1821945551526674e-07
4.1821945551526674e-07
4.1821945551526674e-07
6.532672524703607e-05
4.346447305630869e-05
8.827383307993124e-05
4.1821945551526674e-07
4.1821945551526674e-07
4.1821945551526674e-07
4.1821945551526674e-07
4.1821945551526674e-07
5.1939255681021757e-05
0.00010420238076200091
9.083464954458178e-05
4.1821945551526674e-07
4.1821945551526674e-07
4.1821945551526674e-07
4.1821945551526674e-07
4.1821945551526674e-07
4.1821945551526674e-07
4.1821945551526674e-07
4.1821945551526674e-07
4.1821945551526674e-07
4.1821945551526674e-07
4.1821945551526674e-07
4.1821945551526674e-07
4.1821945551526674e-07
4.1821945551526674e-07
4.1821945551526674e-07
4.1821945551526674e-07
4.1821945551526674e-07
4.1821945551526674e-07
4.1821945551526674e-07
4.1821945551526674e-07
4.1821945551526674e-07
4.1821945551526674e-07
4.1821945551526674e-07
4.1821945551526674e-07
4.1821945551526674e-07
0.0006739124121509291
0.0004799343621142991
0.0003992159717088013
0.00021764026301633705
0.00017193119130851287
3.973024358103057e-05
0.0001307953730917737
0.00047470109744106635
0.0002577482003649342
8.243940034545232e-05
2.209001896969392e-05
4.1821945551526674e-07
4.1821945551526674e-07
4.717351414020623e-06
0.0002660221573319983
0.000520680561339854
0.0006366371509984116
0.0002956010048399243
0.00036201912199936194
0.00039694916673886784
0.0005348671470728068
0.0005291553633535824
0.0007577634374066777
0.0009155556871907062
0.0005406289277940763
0.0006333351213711274
0.0004905396802356355
0.0005068002721936703
0.0004393293094757356
0.0007732040245997502
0.0008977309377083141
0.0011164916829414606
0.00010420238076200091
0.00012663863619487018
0.0001329032663872059
0.00044921396623693265
0.0009291218647837759
0.0013171182131978692
0.002285242314654092
0.0018311858600213399
0.0013927806258988212
0.0014188317780883927
0.0007093595048953729
0.00017193119130851287
0.0001459749809415802
0.00013610249935865063
0.00025938796284476434
0.0010642815810283405
0.0012509366552643428
0.001386333584095733
0.0013544880551919598
0.0006366371509984116
0.0005552547571079081
0.0007654509217765763
0.000573230496605312
0.0007577634374066777
0.0036524908640808737
0.0018979728428437986
0.0015343718000682802
0.0018643151532579132
0.0005979373486675574
0.0003726684542666927
0.0001562724199942784
4.1821945551526674e-07
4.1821945551526674e-07
4.158370540949312e-05
5.603214164861691e-06
3.374452061566211e-05
4.1821945551526674e-07
4.1821945551526674e-07
4.1821945551526674e-07
4.1821945551526674e-07
4.1821945551526674e-07
4.1821945551526674e-07
4.1821945551526674e-07
4.1821945551526674e-07
4.1821945551526674e-07
5.7426549990513285e-05
0.00022055876891740044
0.0010953481208964627
0.0010591784802942783
0.001079718382396084
0.00036201912199936194
0.00011173100844669806
6.168367960567218e-05
6.948664563820461e-06
4.1821945551526674e-07
4.1821945551526674e-07
4.1821945551526674e-07
0.0004393293094757356
0.0002744863654395842
0.00034750414317488595
0.00026938478612209435
0.0002448957347829302
0.0005762722244460322
0.0006773891920780051
0.00036201912199936194
4.1821945551526674e-07
4.1821945551526674e-07
4.1821945551526674e-07
4.1821945551526674e-07
4.1821945551526674e-07
4.1821945551526674e-07
4.1821945551526674e-07
4.1821945551526674e-07
4.1821945551526674e-07
4.1821945551526674e-07
4.1821945551526674e-07
4.1821945551526674e-07
4.1821945551526674e-07
4.1821945551526674e-07
4.1821945551526674e-07
4.1821945551526674e-07
4.1821945551526674e-07
4.1821945551526674e-07
4.1821945551526674e-07
4.1821945551526674e-07
4.1821945551526674e-07
4.1821945551526674e-07
1.7957554246278875e-05
0.00023250437361164045
0.000501332553446879
0.0012509366552643428
0.002648514499756252
0.004168217820359609
0.0021871852132458844
0.0025476764600078036
0.0014926850057415204
0.0019150021990455679
0.0022357367521706885
0.002947525028008703
0.002682907849535136
0.0004130301013945983
0.00016701174896730338
0.00011269231009596723
0.00011173100844669806
0.00021474845638305248
0.0002762023910397479
0.0007771053425490303
0.0012987729931373108
0.0010953481208964627
0.0009995658363664576
0.0014654487649789815
0.0014926850057415204
0.0013232833031632373
0.002047090722668239
0.001286666967811144
0.0016580901562959934
0.0016356406669186584
0.0024396521470343145
0.0010901166359383653
0.0013356890636777683
0.000989916526372145
0.0014188317780883927
0.0026371375840361514
0.0021968199958897934
0.002729384005579416
0.0012627495225946493
0.0018895084707577679
0.0023255449252111257
0.002285242314654092
0.00235618484719601
0.0019150021990455679
0.0017585383043655842
0.0008977309377083141
0.0015627274584292538
0.004202510508154393
0.003935086112574001
0.004522676644328647
0.003667701443079582
0.005377443295494474
0.005356031336687949
0.0016732067359430047
0.0008758670369851418
0.0006074251700725178
0.0003414213099737274
5.0600355984208145e-05
4.1821945551526674e-07
4.1821945551526674e-07
4.1821945551526674e-07
4.1821945551526674e-07
4.1821945551526674e-07
4.1821945551526674e-07
4.1821945551526674e-07
4.1821945551526674e-07
4.1821945551526674e-07
4.1821945551526674e-07
4.1821945551526674e-07
4.1821945551526674e-07
4.1821945551526674e-07
4.1821945551526674e-07
4.1821945551526674e-07
4.1821945551526674e-07
0.00018856534715428416
0.00026435227366281293
0.0005406289277940763
0.0003902088689886811
0.0001952345951331162
0.00019254837936965512
0.0001235720783596293
0.0008252342856446661
0.0011709028614675493
0.002408048984726452
0.0038866721399602394
0.0038546924760534894
0.0018476849267502124
0.00045927443949872877
0.0009474773036815275
0.001750625499791944
0.002158505336723018
0.002345931936117372
0.0012509366552643428
0.0016732067359430047
0.0008587040512945132
0.00019931074202002955
0.00014709785078284246
0.00036413001603403515
0.00019658704091714873
0.0001329032663872059
0.00015279169001597523
0.0001562724199942784
0.00013717896926209862
0.00013826050530950476
9.083464954458178e-05
8.314352761504461e-06
7.057673880861431e-05
7.288144023329351e-05
5.329120576535909e-05
4.1821945551526674e-07
2.3682204830817788e-05
0.00018463723327818477
0.00010605784974451842
3.730079673663818e-05
4.283449344976104e-05
5.465632490595088e-05
2.4756803752592095e-05
0.00018594054607975617
9.784529217673233e-05
2.8044755520704956e-05
0.00010236444348611713
4.1821945551526674e-07
4.1821945551526674e-07
4.1821945551526674e-07
4.1821945551526674e-07
1.5951746064151342e-05
1.4963624729961743e-05
4.1821945551526674e-07
4.1821945551526674e-07
4.1821945551526674e-07
4.1821945551526674e-07
5.329120576535909e-05
3.61037590376232e-05
4.1821945551526674e-07
4.1821945551526674e-07
4.730943227540553e-05
5.465632490595088e-05
0.00010887426571354678
1.1581268460831754e-05
0.00012255949279482532
8.742834526053635e-05
0.00015049816406288805
0.00010054388364771395
1.9488141962042586e-05
4.1821945551526674e-07
4.1821945551526674e-07
4.277720311343643e-06
3.4330008688587323e-05
4.927438898930533e-05
0.00017948396323348096
4.1821945551526674e-07
1.398523749888997e-05
2.5842029542925826e-05
2.9162454700535683e-05
7.600650273037106e-05
0.00015510675328657192
0.00019254837936965512
5.1939255681021757e-05
1.897542464599091e-05
2.9162454700535683e-05
4.1821945551526674e-07
4.1821945551526674e-07
4.1821945551526674e-07
4.1821945551526674e-07
4.1821945551526674e-07
4.1821945551526674e-07
4.1821945551526674e-07
7.365708741880272e-05
3.85095889862212e-05
9.874054821997341e-05
0.0001562724199942784
0.0002370980828777443
0.0004320294927018021
0.00014263775514800113
0.0003047427235255585
0.00023555983274114556
0.0002831448609834668
0.0002610352081605856
0.00022055876891740044
4.1821945551526674e-07
4.1821945551526674e-07
4.1821945551526674e-07
1.2535711790445848e-05
0.00014263775514800113
0.000501332553446879
0.000985121951206015
0.0008089188057303779
0.0011543434543623379
0.0005854769191362672
0.0002727781110895458
0.000694998337551608
0.0008544582991248565
0.0010339781423582028
0.0007057461532181393
0.00044921396623693265
0.00045927443949872877
0.0003374112910335575
0.0005150920331559348
0.0006300472849622466
0.0006366371509984116
0.0021968199958897934
0.0008845574880146694
0.00030659595969815087
5.397211174822401e-05
2.112159305155292e-06
2.1564498780108763e-05
4.537292195379592e-05
2.6388658180851257e-05
7.210951080430608e-05
3.085970681754776e-05
4.1821945551526674e-07
8.385352447237871e-07
0.00019794574759606317
4.1821945551526674e-07
4.1821945551526674e-07
4.1821945551526674e-07
4.1821945551526674e-07
4.1821945551526674e-07
4.1821945551526674e-07
4.1821945551526674e-07
5.15917927094416e-06
9.695428540951934e-05
0.00020904403731025734
0.00012458945008389163
0.0002831448609834668
0.00010145200098041932
4.1821945551526674e-07
0.00035991763634296624
0.00019121455620946083
2.0521199297108956e-05
0.00011658332190212555
0.00040149286469402443
5.603473276198844e-05
4.1821945551526674e-07
4.1821945551526674e-07
4.1821945551526674e-07
4.1821945551526674e-07
4.1821945551526674e-07
4.1821945551526674e-07
4.1821945551526674e-07
4.1821945551526674e-07
4.1821945551526674e-07
4.1821945551526674e-07
4.1821945551526674e-07
4.1821945551526674e-07
4.1821945551526674e-07
4.1821945551526674e-07
4.1821945551526674e-07
4.1821945551526674e-07
4.1821945551526674e-07
0.00018333994436650383
6.240527475761141e-05
3.973024358103057e-05
5.7426549990513285e-05
4.1821945551526674e-07
4.1821945551526674e-07
8.314352761504461e-06
4.601528854671915e-05
0.0002762023910397479
0.00027107759545438143
0.0002528734961339983
0.00021619103647832667
0.0002920017575511931
0.0005123160239849931
0.000646628961050359
0.0013481962197057977
0.0009245808409419406
0.0009291218647837759
0.0004643715029189002
0.00033541973076333656
0.0015273538706807768
0.0008048828978411115
0.00023250437361164045
6.385895442358655e-05
9.169643306447382e-05
0.00012561162899256146
0.0002762023910397479
0.00018333994436650383
0.0004296176395219437
0.00013826050530950476
0.0001235720783596293
5.1939255681021757e-05
4.1821945551526674e-07
8.385352447237871e-07
2.209001896969392e-05
0.0006138190518854449
0.0010339781423582028
0.0006366371509984116
0.0009291218647837759
0.00031980517575135476
0.00031409303892000344
0.0002020597020269302
0.0002386433864260919
0.00014822598926857454
9.695428540951934e-05
1.7957554246278875e-05
4.1821945551526674e-07
4.1821945551526674e-07
4.1821945551526674e-07
4.1821945551526674e-07
4.1821945551526674e-07
6.680871455440406e-05
8.408650382495522e-05
4.1821945551526674e-07
2.1564498780108763e-05
0.0004905396802356355
0.0003047427235255585
0.00018076333501733033
0.00011269231009596723
4.717351414020623e-06
4.1821945551526674e-07
4.1821945551526674e-07
4.1821945551526674e-07
4.1821945551526674e-07
4.1821945551526674e-07
4.1821945551526674e-07
4.1821945551526674e-07
2.2618135368530962e-05
4.1821945551526674e-07
4.1821945551526674e-07
5.465632490595088e-05
0.00010236444348611713
0.00020344372183440834
0.00011855659456442669
1.6949692108200303e-05
4.1821945551526674e-07
4.1821945551526674e-07
4.1821945551526674e-07
4.1821945551526674e-07
4.1821945551526674e-07
4.1821945551526674e-07
4.1821945551526674e-07
4.1821945551526674e-07
4.1821945551526674e-07
4.1821945551526674e-07
4.1821945551526674e-07
4.1821945551526674e-07
4.1821945551526674e-07
4.1821945551526674e-07
4.1821945551526674e-07
4.1821945551526674e-07
4.1821945551526674e-07
4.1821945551526674e-07
4.1821945551526674e-07
4.1821945551526674e-07
4.1821945551526674e-07
4.1821945551526674e-07
4.1821945551526674e-07
4.1821945551526674e-07
1.3499666068525922e-05
4.1821945551526674e-07
4.1821945551526674e-07
4.1821945551526674e-07
4.1821945551526674e-07
4.1821945551526674e-07
4.1821945551526674e-07
4.1821945551526674e-07
4.1821945551526674e-07
4.1821945551526674e-07
4.1821945551526674e-07
4.1821945551526674e-07
4.1821945551526674e-07
4.1821945551526674e-07
4.1821945551526674e-07
4.1821945551526674e-07
4.1821945551526674e-07
4.1821945551526674e-07
4.1821945551526674e-07
4.1821945551526674e-07
4.1821945551526674e-07
4.1821945551526674e-07
4.1821945551526674e-07
4.1821945551526674e-07
8.827383307993124e-05
0.00023250437361164045
0.0003726684542666927
0.0003857650264925249
0.00022202810530335486
0.00026268996787294355
0.0005979373486675574
0.00048256827308419155
0.00014043886450120028
3.670081527016355e-05
5.329120576535909e-05
2.9162454700535683e-05
4.1821945551526674e-07
4.1821945551526674e-07
4.1821945551526674e-07
3.911842671788757e-05
6.680871455440406e-05
3.911842671788757e-05
4.1821945551526674e-07
4.1821945551526674e-07
4.1821945551526674e-07
4.1821945551526674e-07
4.1821945551526674e-07
4.1821945551526674e-07
4.1821945551526674e-07
4.1821945551526674e-07
5.465632490595088e-05
1.1581268460831754e-05
0.00010605784974451842
8.491598333998565e-05
0.0001731754152823745
2.421818204057534e-05
4.1821945551526674e-07
0.00012561162899256146
6.240527475761141e-05
6.168367960567218e-05
9.606750913543733e-05
0.0006432840144544302
0.0006106152079360141
0.0002294767719938451
0.0001820486535206696
0.0009066059107993605
0.0017585383043655842
0.003474307268425031
0.0007313666888369
0.00047470109744106635
0.0006739124121509291
0.0008629677320329522
0.0006138190518854449
0.0008008640424062941
0.0006739124121509291
0.0004932201971600888
5.9539684819780406e-05
8.742834526053635e-05
0.00010512791409933538
0.002776575758569682
0.001256831009283534
0.0006333351213711274
0.0012806509170751551
0.0005178801959965072
0.0003992159717088013
0.0002370980828777443
0.0004224457305175551
0.00032559494650050407
0.0002992329380035534
0.000781023257093373
0.0005523040883263442
0.00023555983274114556
0.00040149286469402443
0.00035574273565322127
0.0005348671470728068
0.00043445202639833
0.0004442498386152374
0.0002660221573319983
0.00043445202639833
0.0004060770801437846
0.0002676996508035356
0.00018594054607975617
0.00014263775514800113
0.00018463723327818477
0.00022350420217859162
9.96400723984018e-05
0.0003047427235255585
0.00014709785078284246
6.0494664229690885e-06
4.283449344976104e-05
0.00035782552040111097
0.000573230496605312
0.0003414213099737274
0.0002762023910397479
0.00040149286469402443
0.0004542220473359817
0.0008802031245002676
0.0004060770801437846
0.00010699220717677692
0.00025938796284476434
0.00025126335178731157
0.0002249870883307202
0.0001609898722544984
0.00024966053426639015
0.00029021430607381046
0.0006170367566425887
0.0005435286923250356
0.0006670034322742025
0.000985121951206015
0.0010191072348358014
0.000694998337551608
0.00035782552040111097
0.0008502304067433799
0.0006843876243851368
0.00035991763634296624
0.0005263180957454422
0.00020483413783674347
3.973024358103057e-05
4.1821945551526674e-07
9.256233596632511e-05
0.00013503107354289674
0.00012458945008389163
6.385895442358655e-05
0.0003103276022935584
0.0002937973125004936
0.00012458945008389163
1.5951746064151342e-05
4.1821945551526674e-07
4.1821945551526674e-07
4.1821945551526674e-07
4.1821945551526674e-07
4.1821945551526674e-07
4.1821945551526674e-07
4.1821945551526674e-07
4.1821945551526674e-07
4.1821945551526674e-07
4.1821945551526674e-07
4.1821945551526674e-07
4.1821945551526674e-07
4.1821945551526674e-07
4.1821945551526674e-07
4.1821945551526674e-07
4.1821945551526674e-07
4.1821945551526674e-07
3.790371682666185e-05
4.1821945551526674e-07
9.236195326068331e-06
4.1821945551526674e-07
1.5456462989396356e-05
1.2057306770526347e-05
4.1821945551526674e-07
7.134128251298491e-05
2.0521199297108956e-05
1.7957554246278875e-05
4.1821945551526674e-07
4.1821945551526674e-07
4.1821945551526674e-07
4.1821945551526674e-07
4.1821945551526674e-07
4.1821945551526674e-07
4.1821945551526674e-07
4.1821945551526674e-07
6.606593459121625e-05
2.9162454700535683e-05
3.374452061566211e-05
4.1821945551526674e-07
4.1821945551526674e-07
4.1821945551526674e-07
4.277720311343643e-06
4.1821945551526674e-07
4.1821945551526674e-07
4.1821945551526674e-07
4.1821945551526674e-07
4.1821945551526674e-07
1.5951746064151342e-05
5.2613592031081934e-05
2.3682204830817788e-05
5.126818191248138e-05
9.343237658118814e-05
6.905863929706567e-05
8.912336769799859e-05
0.0003902088689886811
0.0005493662218883016
0.0005150920331559348
0.0005263180957454422
0.0006499883264002561
0.0010953481208964627
0.0021775879297759155
0.003667701443079582
0.0024396521470343145
0.0015343718000682802
0.0012046408852339557
0.0014122793490134221
0.0011653603247968223
0.0011006012863365347
0.00123922006762104
0.002056176595653847
0.001292707629431915
0.00047731198571059345
0.00012561162899256146
5.8127525099462624e-05
4.1821945551526674e-07
4.1821945551526674e-07
4.1821945551526674e-07
4.1821945551526674e-07
4.1821945551526674e-07
1.7452377923443016e-05
0.00018594054607975617
3.2582108786105586e-05
4.1821945551526674e-07
4.1821945551526674e-07
4.1821945551526674e-07
4.1821945551526674e-07
4.1821945551526674e-07
4.1821945551526674e-07
0.00025126335178731157
0.004578106139546013
0.013661080510422365
0.018902311608009786
0.012344340119814405
0.0062010823205501005
0.001881077477405105
0.00017193119130851287
4.1821945551526674e-07
4.1821945551526674e-07
4.1821945551526674e-07
4.1821945551526674e-07
4.1821945551526674e-07
4.1821945551526674e-07
4.1821945551526674e-07
4.1821945551526674e-07
4.1821945551526674e-07
4.1821945551526674e-07
4.1821945551526674e-07
4.1821945551526674e-07
4.1821945551526674e-07
8.326098202658756e-05
0.00035991763634296624
0.00021909616434388082
0.0001493594193483699
0.0002118831226795302
4.1821945551526674e-07
4.1821945551526674e-07
4.1821945551526674e-07
4.1821945551526674e-07
4.1821945551526674e-07
4.1821945551526674e-07
4.1821945551526674e-07
4.1821945551526674e-07
4.1821945551526674e-07
4.1821945551526674e-07
4.1821945551526674e-07
4.1821945551526674e-07
4.1821945551526674e-07
4.1821945551526674e-07
4.1821945551526674e-07
4.1821945551526674e-07
4.1821945551526674e-07
4.1821945551526674e-07
4.1821945551526674e-07
4.1821945551526674e-07
4.1821945551526674e-07
4.1821945551526674e-07
4.1821945551526674e-07
4.1821945551526674e-07
4.1821945551526674e-07
4.1821945551526674e-07
4.1821945551526674e-07
4.1821945551526674e-07
4.1821945551526674e-07
4.1821945551526674e-07
4.1821945551526674e-07
4.1821945551526674e-07
4.1821945551526674e-07
4.1821945551526674e-07
4.1821945551526674e-07
4.1821945551526674e-07
4.1821945551526674e-07
4.1821945551526674e-07
4.1821945551526674e-07
4.1821945551526674e-07
4.1821945551526674e-07
4.1821945551526674e-07
4.1821945551526674e-07
0.00011560365777229908
5.534386022694787e-05
4.1821945551526674e-07
3.911842671788757e-05
4.1821945551526674e-07
4.1821945551526674e-07
4.1821945551526674e-07
4.1821945551526674e-07
4.1821945551526674e-07
4.1821945551526674e-07
4.1821945551526674e-07
4.1821945551526674e-07
4.1821945551526674e-07
4.1821945551526674e-07
4.1821945551526674e-07
4.1821945551526674e-07
4.1821945551526674e-07
4.1821945551526674e-07
4.1821945551526674e-07
4.1821945551526674e-07
4.1821945551526674e-07
7.521960187700902e-05
0.0004467264304891549
0.000742583296686175
0.0009995658363664576
0.002056176595653847
0.00235618484719601
0.0010141913458926821
8.243940034545232e-05
2.9162454700535683e-05
1.5951746064151342e-05
0.0002076342680384362
0.0008587040512945132
0.0016208233344233265
0.0023975957500464175
0.0024931440806811476
0.0017664826348046017
0.00035160500637010464
3.670081527016355e-05
4.993576321616549e-05
4.1821945551526674e-07
4.1821945551526674e-07
4.1821945551526674e-07
4.1821945551526674e-07
4.1821945551526674e-07
4.1821945551526674e-07
0.00013503107354289674
0.0001329032663872059
9.343237658118814e-05
0.0002448957347829302
0.0039676606763426716
0.0012987729931373108
0.0014926850057415204
0.0006704505116466833
0.0002062309774104609
1.7452377923443016e-05
8.080798729546087e-05
4.666078723463647e-05
0.00010236444348611713
0.00014263775514800113
0.00012663863619487018
4.1821945551526674e-07
4.1821945551526674e-07
4.346447305630869e-05
6.385895442358655e-05
4.1821945551526674e-07
4.1821945551526674e-07
4.1821945551526674e-07
0.00014709785078284246
1.6449485304223922e-05
4.1821945551526674e-07
4.1821945551526674e-07
4.1821945551526674e-07
4.1821945551526674e-07
1.846523262218758e-05
0.00013396466984619265
7.057673880861431e-05
9.874054821997341e-05
2.6388658180851257e-05
4.1821945551526674e-07
4.1821945551526674e-07
4.1821945551526674e-07
4.1821945551526674e-07
4.1821945551526674e-07
4.1821945551526674e-07
4.1821945551526674e-07
4.1821945551526674e-07
4.1821945551526674e-07
4.1821945551526674e-07
4.1821945551526674e-07
4.1821945551526674e-07
4.1821945551526674e-07
4.1821945551526674e-07
4.1821945551526674e-07
4.1821945551526674e-07
4.1821945551526674e-07
4.1821945551526674e-07
4.1821945551526674e-07
4.1821945551526674e-07
4.1821945551526674e-07
4.1821945551526674e-07
4.1821945551526674e-07
4.1821945551526674e-07
4.1821945551526674e-07
4.1821945551526674e-07
4.1821945551526674e-07
4.1821945551526674e-07
4.1821945551526674e-07
4.1821945551526674e-07
4.1821945551526674e-07
4.1821945551526674e-07
4.1821945551526674e-07
4.1821945551526674e-07
4.1821945551526674e-07
4.1821945551526674e-07
4.1821945551526674e-07
4.1821945551526674e-07
0.00011269231009596723
0.0003495499855054227
0.0004986165862316802
0.0002992329380035534
0.0001235720783596293
0.00024175527353689227
0.00038136055718638814
0.00011173100844669806
3.491836899647325e-05
0.00014822598926857454
3.3161891666773284e-05
0.00029021430607381046
0.0005068002721936703
0.00036413001603403515
0.00040838448570574925
0.0003946924086154945
0.00010887426571354678
3.085970681754776e-05
0.000781023257093373
0.0016061241963045575
0.0013671487120629345
0.0013171182131978692
0.00011756762735174486
1.5456462989396356e-05
0.00011173100844669806
0.0002104603129225877
0.00037699513950966535
0.0007463541357962739
0.0010191072348358014
0.0008802031245002676
1.6449485304223922e-05
7.856857206639839e-06
4.1821945551526674e-07
9.96400723984018e-05
6.02509002271068e-05
4.1821945551526674e-07
4.1821945551526674e-07
4.1821945551526674e-07
4.1821945551526674e-07
4.1821945551526674e-07
4.1821945551526674e-07
4.1821945551526674e-07
4.1821945551526674e-07
4.1821945551526674e-07
1.4963624729961743e-05
7.443646904807915e-05
4.1821945551526674e-07
4.1821945551526674e-07
4.1821945551526674e-07
4.1821945551526674e-07
4.1821945551526674e-07
4.1821945551526674e-07
4.1821945551526674e-07
5.7426549990513285e-05
5.9539684819780406e-05
4.158370540949312e-05
0.00026938478612209435
0.0002264767926584861
0.0004130301013945983
0.00037917298689933097
0.0022455610096277457
0.0023975957500464175
0.002408048984726452
0.0026713994826009653
0.003698292419976449
0.0009066059107993605
0.0009245808409419406
0.0011006012863365347
0.0033178329878246187
0.0045410861370690616
0.0025920636150678794
0.001386333584095733
0.00010236444348611713
1.3016494535658117e-05
0.00014709785078284246
9.430657331474499e-05
7.679718850208893e-05
0.0003857650264925249
0.00010420238076200091
4.1821945551526674e-07
4.1821945551526674e-07
1.0636248147226564e-05
0.00019121455620946083
0.000441784146321633
0.0002610352081605856
0.00011855659456442669
5.9539684819780406e-05
3.200515897274475e-05
4.1821945551526674e-07
4.1821945551526674e-07
3.85095889862212e-05
7.443646904807915e-05
2.9719053644181457e-06
4.1821945551526674e-07
4.1821945551526674e-07
4.1821945551526674e-07
4.1821945551526674e-07
0.0001586201415237477
0.000504060432779641
0.00033541973076333656
4.1821945551526674e-07
4.1821945551526674e-07
4.1821945551526674e-07
4.1821945551526674e-07
2.2618135368530962e-05
4.0345053192032316e-05
5.329120576535909e-05
4.1821945551526674e-07
4.1821945551526674e-07
4.1821945551526674e-07
4.1821945551526674e-07
4.1821945551526674e-07
4.1821945551526674e-07
2.104156285420814e-05
6.948664563820461e-06
4.1821945551526674e-07
4.1821945551526674e-07
4.1821945551526674e-07
4.1821945551526674e-07
4.1821945551526674e-07
4.1821945551526674e-07
0.00010512791409933538
3.61037590376232e-05
8.574943824308297e-05
3.200515897274475e-05
0.0001297488399264648
0.0003924456563210816
0.0002577482003649342
5.2613592031081934e-05
0.0001731754152823745
0.0008845574880146694
0.0008293564506535819
0.0005435286923250356
2.3148859973065797e-05
6.497946417084116e-06
0.00015279169001597523
1.6449485304223922e-05
0.00022202810530335486
0.0003748269751917197
0.0007350896353687716
0.002206492409109143
0.0017985774832454263
0.0015915424009185638
0.0014122793490134221
0.001043995560956266
0.0007577634374066777
0.0004467264304891549
0.00044921396623693265
1.7957554246278875e-05
4.1821945551526674e-07
4.1821945551526674e-07
7.919212530911115e-05
0.0001621830508161896
4.473367325742414e-05
9.343237658118814e-05
0.00013717896926209862
0.00013717896926209862
0.0003028978309597897
6.240527475761141e-05
4.158370540949312e-05
0.00014043886450120028
0.0006843876243851368
0.0008977309377083141
0.0007732040245997502
0.0012046408852339557
6.830505072691506e-05
4.1821945551526674e-07
4.1821945551526674e-07
4.1821945551526674e-07
4.1821945551526674e-07
4.1821945551526674e-07
4.1821945551526674e-07
4.1821945551526674e-07
4.1821945551526674e-07
4.1821945551526674e-07
4.1821945551526674e-07
4.1821945551526674e-07
4.1821945551526674e-07
4.1821945551526674e-07
4.1821945551526674e-07
2.5409593341837125e-06
2.6388658180851257e-05
0.00015394651779406768
4.1821945551526674e-07
4.927438898930533e-05
8.314352761504461e-06
4.1821945551526674e-07
4.1821945551526674e-07
4.1821945551526674e-07
4.1821945551526674e-07
4.1821945551526674e-07
4.1821945551526674e-07
4.1821945551526674e-07
4.1821945551526674e-07
4.1821945551526674e-07
4.1821945551526674e-07
4.1821945551526674e-07
4.1821945551526674e-07
4.1821945551526674e-07
4.1821945551526674e-07
4.1821945551526674e-07
4.1821945551526674e-07
4.1821945551526674e-07
4.1821945551526674e-07
4.1821945551526674e-07
4.1821945551526674e-07
4.1821945551526674e-07
4.1821945551526674e-07
4.1821945551526674e-07
4.1821945551526674e-07
4.1821945551526674e-07
4.1821945551526674e-07
4.1821945551526674e-07
4.1821945551526674e-07
4.1821945551526674e-07
4.1821945551526674e-07
4.1821945551526674e-07
4.1821945551526674e-07
4.1821945551526674e-07
4.1821945551526674e-07
4.1821945551526674e-07
4.1821945551526674e-07
4.1821945551526674e-07
6.830505072691506e-05
4.409752831835428e-05
0.0002727781110895458
0.00023250437361164045
0.00021764026301633705
7.600650273037106e-05
0.0017985774832454263
0.0011379873867694828
0.000985121951206015
0.002111445967228366
0.0030108139952775967
0.0034598150478597866
0.0038706528050766686
0.0015484926346175038
0.000781023257093373
0.0009567708552478629
0.0017192872896510238
0.003547584511888152
0.00465295623504171
0.004431625730112061
0.0038866721399602394
0.0015064688030622597
0.0003726684542666927
0.0003047427235255585
0.00018463723327818477
0.0005095521198254942
0.0021968199958897934
0.0032762647527293776
0.0009066059107993605
0.00010793100595410505
0.00011756762735174486
4.1821945551526674e-07
4.1821945551526674e-07
4.1821945551526674e-07
4.537292195379592e-05
0.00048256827308419155
0.0008845574880146694
0.0008672494103550535
4.1821945551526674e-07
4.1821945551526674e-07
4.1821945551526674e-07
4.1821945551526674e-07
9.236195326068331e-06
4.1821945551526674e-07
4.1821945551526674e-07
4.1821945551526674e-07
4.1821945551526674e-07
4.1821945551526674e-07
4.1821945551526674e-07
4.1821945551526674e-07
4.1821945551526674e-07
4.1821945551526674e-07
0.0003394118050657009
0.0002956010048399243
0.0002118831226795302
0.0001516422465441735
0.0005916801702416853
0.0014519947175024475
0.004289347737468241
0.019033565640216746
0.002139571173391089
0.0003946924086154945
0.00011855659456442669
8.314352761504461e-06
6.0494664229690885e-06
4.1821945551526674e-07
4.1821945551526674e-07
4.1821945551526674e-07
4.1821945551526674e-07
4.1821945551526674e-07
4.1821945551526674e-07
4.1821945551526674e-07
4.1821945551526674e-07
4.1821945551526674e-07
4.1821945551526674e-07
4.1821945551526674e-07
4.1821945551526674e-07
4.1821945551526674e-07
4.1821945551526674e-07
4.1821945551526674e-07
4.1821945551526674e-07
4.1821945551526674e-07
4.1821945551526674e-07
4.1821945551526674e-07
4.1821945551526674e-07
1.9488141962042586e-05
4.1821945551526674e-07
4.1821945551526674e-07
4.1821945551526674e-07
4.1821945551526674e-07
4.1821945551526674e-07
4.1821945551526674e-07
4.1821945551526674e-07
4.1821945551526674e-07
4.1821945551526674e-07
4.1821945551526674e-07
4.1821945551526674e-07
4.1821945551526674e-07
4.1821945551526674e-07
4.1821945551526674e-07
4.1821945551526674e-07
4.1821945551526674e-07
4.1821945551526674e-07
4.1821945551526674e-07
4.1821945551526674e-07
4.1821945551526674e-07
4.1821945551526674e-07
4.1821945551526674e-07
4.1821945551526674e-07
4.1821945551526674e-07
4.1821945551526674e-07
4.1821945551526674e-07
4.1821945551526674e-07
4.1821945551526674e-07
4.1821945551526674e-07
4.1821945551526674e-07
4.1821945551526674e-07
4.1821945551526674e-07
4.1821945551526674e-07
4.1821945551526674e-07
4.1821945551526674e-07
4.1821945551526674e-07
4.1821945551526674e-07
4.1821945551526674e-07
4.1821945551526674e-07
4.1821945551526674e-07
4.1821945551526674e-07
4.1821945551526674e-07
4.1821945551526674e-07
4.1821945551526674e-07
4.1821945551526674e-07
4.1821945551526674e-07
4.1821945551526674e-07
4.1821945551526674e-07
4.1821945551526674e-07
4.1821945551526674e-07
4.1821945551526674e-07
4.1821945551526674e-07
0.00010512791409933538
0.0004467264304891549
0.00024175527353689227
0.00024175527353689227
0.00025126335178731157
0.0001731754152823745
0.0009291218647837759
0.001814817020973844
0.001256831009283534
0.0008629677320329522
0.0007539441433465716
0.001292707629431915
0.000501332553446879
6.905863929706567e-05
0.00010887426571354678
0.00030106124730696775
0.0005263180957454422
0.0002294767719938451
0.00017069273747401294
0.00011077424712389733
4.1821945551526674e-07
4.1821945551526674e-07
4.1821945551526674e-07
6.755508121727497e-05
0.00013396466984619265
7.365708741880272e-05
0.00021331249449299235
0.00018856534715428416
0.00010236444348611713
0.00014153573219890015
4.796123798652165e-05
9.430657331474499e-05
4.1821945551526674e-07
4.1821945551526674e-07
4.1821945551526674e-07
4.1821945551526674e-07
4.1821945551526674e-07
4.1821945551526674e-07
4.1821945551526674e-07
4.1821945551526674e-07
4.1821945551526674e-07
4.1821945551526674e-07
4.1821945551526674e-07
4.1821945551526674e-07
4.1821945551526674e-07
4.1821945551526674e-07
4.1821945551526674e-07
4.1821945551526674e-07
4.1821945551526674e-07
4.1821945551526674e-07
4.1821945551526674e-07
4.1821945551526674e-07
4.1821945551526674e-07
4.1821945551526674e-07
4.1821945551526674e-07
4.1821945551526674e-07
4.1821945551526674e-07
4.1821945551526674e-07
4.1821945551526674e-07
4.1821945551526674e-07
4.1821945551526674e-07
4.1821945551526674e-07
4.1821945551526674e-07
4.1821945551526674e-07
4.1821945551526674e-07
4.1821945551526674e-07
7.856857206639839e-06
4.1821945551526674e-07
4.1821945551526674e-07
4.1821945551526674e-07
4.1821945551526674e-07
4.1821945551526674e-07
0.00023250437361164045
0.00017442543432576272
0.00029021430607381046
0.0008845574880146694
0.0009291218647837759
0.0011379873867694828
0.0008977309377083141
0.002216202584700787
0.004168217820359609
0.00699867247156005
0.0038071636018825513
0.0008933213240646586
0.000663571115945747
0.0002727781110895458
0.0005979373486675574
0.0006074251700725178
0.001009295867875269
0.0003434398430102302
0.00018076333501733033
0.0004517124903135617
0.0009021591095687292
0.0015555957460850081
0.0003683801846117332
0.0002920017575511931
0.0004959124833426329
0.00026435227366281293
0.000656750541082985
0.0009110714127946506
0.0008933213240646586
0.00044921396623693265
0.0004986165862316802
0.00042007616762730306
0.0002370980828777443
0.000646628961050359
0.0004442498386152374
0.00017069273747401294
0.0003314633237433007
0.0007732040245997502
0.0007577634374066777
0.0007889091340046143
0.0007202926443020933
0.0007501410637825599
3.1431029280470095e-05
4.1821945551526674e-07
4.1821945551526674e-07
4.1821945551526674e-07
4.1821945551526674e-07
4.1821945551526674e-07
4.1821945551526674e-07
4.1821945551526674e-07
4.1821945551526674e-07
4.1821945551526674e-07
4.1821945551526674e-07
4.1821945551526674e-07
4.1821945551526674e-07
4.1821945551526674e-07
4.1821945551526674e-07
4.1821945551526674e-07
4.1821945551526674e-07
4.1821945551526674e-07
4.1821945551526674e-07
4.1821945551526674e-07
4.1821945551526674e-07
4.1821945551526674e-07
4.1821945551526674e-07
4.1821945551526674e-07
4.1821945551526674e-07
4.1821945551526674e-07
4.1821945551526674e-07
4.1821945551526674e-07
4.1821945551526674e-07
4.1821945551526674e-07
4.1821945551526674e-07
4.1821945551526674e-07
4.1821945551526674e-07
4.1821945551526674e-07
4.1821945551526674e-07
4.1821945551526674e-07
4.1821945551526674e-07
4.1821945551526674e-07
4.1821945551526674e-07
4.1821945551526674e-07
4.1821945551526674e-07
4.1821945551526674e-07
4.1821945551526674e-07
4.1821945551526674e-07
4.1821945551526674e-07
4.1821945551526674e-07
4.1821945551526674e-07
4.1821945551526674e-07
4.1821945551526674e-07
4.1821945551526674e-07
4.1821945551526674e-07
4.1821945551526674e-07
4.1821945551526674e-07
4.1821945551526674e-07
4.1821945551526674e-07
4.1821945551526674e-07
4.1821945551526674e-07
4.1821945551526674e-07
4.1821945551526674e-07
4.1821945551526674e-07
4.1821945551526674e-07
4.1821945551526674e-07
4.1821945551526674e-07
4.1821945551526674e-07
4.1821945551526674e-07
4.1821945551526674e-07
4.1821945551526674e-07
4.1821945551526674e-07
4.1821945551526674e-07
4.1821945551526674e-07
4.1821945551526674e-07
1.7452377923443016e-05
0.00026268996787294355
0.0003924456563210816
0.0006366371509984116
0.0007388284839669272
0.00024175527353689227
0.00014153573219890015
3.4330008688587323e-05
0.0002956010048399243
0.0003857650264925249
0.000570201933059511
0.0005068002721936703
0.00015279169001597523
0.0006843876243851368
0.0007388284839669272
0.0004224457305175551
0.0005523040883263442
0.0011218323890546786
0.0010591784802942783
0.0013048631504227427
0.0010901166359383653
0.0006333351213711274
0.0002544909982708175
0.0002561158892805798
0.00010982200617147932
0.00013717896926209862
0.0017270751151405644
0.0013171182131978692
0.00040838448570574925
6.168367960567218e-05
4.1821945551526674e-07
4.1821945551526674e-07
4.1821945551526674e-07
4.1821945551526674e-07
7.134128251298491e-05
0.0003683801846117332
5.9539684819780406e-05
4.1821945551526674e-07
4.1821945551526674e-07
4.1821945551526674e-07
4.1821945551526674e-07
4.1821945551526674e-07
3.200515897274475e-05
7.288144023329351e-05
4.1821945551526674e-07
4.1821945551526674e-07
4.1821945551526674e-07
4.1821945551526674e-07
4.1821945551526674e-07
4.1821945551526674e-07
4.1821945551526674e-07
4.1821945551526674e-07
4.1821945551526674e-07
4.1821945551526674e-07
4.1821945551526674e-07
4.1821945551526674e-07
4.1821945551526674e-07
4.1821945551526674e-07
4.1821945551526674e-07
4.1821945551526674e-07
4.1821945551526674e-07
4.1821945551526674e-07
4.1821945551526674e-07
4.1821945551526674e-07
4.1821945551526674e-07
4.1821945551526674e-07
4.1821945551526674e-07
4.1821945551526674e-07
4.1821945551526674e-07
4.1821945551526674e-07
4.1821945551526674e-07
4.1821945551526674e-07
4.1821945551526674e-07
4.1821945551526674e-07
4.1821945551526674e-07
4.1821945551526674e-07
4.1821945551526674e-07
4.1821945551526674e-07
4.1821945551526674e-07
4.1821945551526674e-07
4.1821945551526674e-07
4.1821945551526674e-07
4.1821945551526674e-07
4.1821945551526674e-07
4.1821945551526674e-07
4.1821945551526674e-07
4.1821945551526674e-07
4.1821945551526674e-07
4.1821945551526674e-07
4.1821945551526674e-07
3.491836899647325e-05
8.827383307993124e-05
7.443646904807915e-05
0.00012458945008389163
0.0015698878756208125
0.0020652981691893623
0.0014926850057415204
0.0026258041863053165
0.002682907849535136
0.00274111447497336
0.002897750601766622
0.00017821051264611893
0.0002937973125004936
0.0006601535047763028
0.00045674268208358595
0.0006704505116466833
0.0006267735858813675
0.001268692284931326
0.0010745514519462358
0.001268692284931326
0.0007093595048953729
0.0019235674219907199
0.0006601535047763028
0.0003946924086154945
0.0002610352081605856
9.169643306447382e-05
7.521960187700902e-05
0.0002660221573319983
0.0002779262205489508
0.000653362167384441
0.0015698878756208125
