0.19568735916628419
0.23386419010341028
0.27905450684821287
0.18103719961415113
0.2220756507350837
0.2778683303546699
0.30354215455249145
0.16886954531739642
0.12287689526678701
0.07846426348936913
0.06706613035188248
0.06629403977542427
0.05410087669986722
0.01832144137297184
0.010308310172360698
0.011729113466902747
0.008873375890370551
0.004306906337175893
0.005463857926285648
0.003036466909553781
0.005442138769660085
0.0014254107963574383
0.0007771053425490303
0.0009521143654081079
0.0018066811471191301
0.004467847636055881
0.0018229852200691528
0.0022752640787403727
0.0025148311732406162
0.0038546924760534894
0.005398931694367903
0.009931489686731021
0.007766592894819055
0.004923620725750318
0.0031945197208638754
0.0033178329878246187
0.005618072811461967
0.012894235276907903
0.034422803865495066
0.038469243337926846
0.030350584260587565
0.01451973663085122
0.012434522132893797
0.01916561806684785
0.028522326347028754
0.0651498214843346
0.00870712954159419
0.011389889786547116
0.013082288792016523
0.19070730816400386
0.21413966679258947
0.1763451581834959
0.1581180716057378
0.20452053600331166
0.17676780804117473
0.08627896084981332
0.06496073160893169
0.026525289321307374
0.020742919937412153
0.010270065200613158
0.001643093923662244
0.0002294767719938451
0.0001731754152823745
0.00024647675643422865
4.1821945551526674e-07
4.1821945551526674e-07
4.1821945551526674e-07
3.200515897274475e-05
0.00018076333501733033
0.0002727781110895458
0.0005291553633535824
0.004342216339337198
0.010501438141308647
0.021100464203846127
0.004728898006598107
4.1821945551526674e-07
4.1821945551526674e-07
4.1821945551526674e-07
4.1821945551526674e-07
4.1821945551526674e-07
4.1821945551526674e-07
4.1821945551526674e-07
0.00010145200098041932
0.00022055876891740044
0.0008418279273899678
0.0017427441082966187
0.0018229852200691528
0.002020046053099673
0.0028124450867312942
0.033229185265470584
0.058452680145547366
0.09945650123736595
0.18320129298560142
0.25937838317134626
0.30228299907912365
0.2708270254236186
0.257691815955352
0.160852965319484
0.11452427430925376
0.07649647371356526
0.10271880315703721
0.1142238990145534
0.12970379971415305
0.1333981554208943
0.12224195775284959
0.16927833118476
0.08321871139631033
0.23334222341129252
0.40171809462635055
0.582295695319949
0.28867442817538336
0.3041731127401354
0.14570956522605602
0.029568797728500497
0.00011462861460091798
4.1821945551526674e-07
4.1821945551526674e-07
0.00014822598926857454
0.0003748269751917197
0.0011164916829414606
0.00044921396623693265
1.1107585893406713e-05
7.443646904807915e-05
0.0001516422465441735
0.000687909394369356
0.0004959124833426329
0.0010490355495979438
0.003547584511888152
0.005640417972605003
0.020814001809112314
0.05410087669986722
0.11756304025696844
0.1763451581834959
0.17719123547512
0.17508186637752518
0.19752252378448457
0.1493862278934409
0.19205584384063537
0.15013020337674543
0.06667915283707734
0.07414702021756162
0.07520743209551052
0.07022986397431048
0.07693019502090834
0.05574116537147846
