0.150503276858392
0.11096136680267212
0.20029965850242276
0.16724202203314845
0.18847577093378776
0.20784950332812996
0.2021674064567735
0.0843849919228068
0.04838147470694505
0.0220554093539661
0.014313525991548993
0.00803876194796727
0.004254422308164316
0.002558709374389707
0.001105876213862849
0.0008252342856446661
0.0007849578326866455
0.00026268996787294355
0.00010328123033177369
0.00020344372183440834
0.00026938478612209435
4.1821945551526674e-07
4.1821945551526674e-07
4.1821945551526674e-07
4.1821945551526674e-07
5.126818191248138e-05
0.00014263775514800113
0.0003992159717088013
0.000694998337551608
0.0007577634374066777
0.001187667900179414
0.0012275990476002978
0.0036071965376023056
0.005064157628781635
0.005442138769660085
0.003667701443079582
0.004413613372356693
0.007736864654712764
0.01054044687103602
0.013710319066817507
0.014160568625864513
0.011989374694640025
0.056074201244093264
0.0843849919228068
0.14790693973601793
0.23966280850170418
0.2772765973791655
0.39943437562787265
0.5046473032698698
0.20689424090044303
0.20689424090044303
0.216103478351591
0.18320129298560142
0.13613693336641128
0.21462936309034886
0.19431948886835115
0.0848552505853983
0.1206660720754245
0.10189520820621391
0.09523820693305564
0.1493862278934409
0.10606727212672692
0.14790693973601793
0.20029965850242276
0.2616395713489253
0.33893956249792084
0.41481983920432713
0.4386060938035769
0.33758011596737725
0.19205584384063537
0.19205584384063537
0.22157332615761244
0.25545546481717984
0.24448521149727143
0.08509118616098783
0.0203906866834103
0.009042440442067222
0.0034598150478597866
0.0008170420431812172
0.0003394118050657009
4.1821945551526674e-07
4.1821945551526674e-07
0.00014709785078284246
0.0003946924086154945
0.0011488689510933416
0.0019581680828902135
0.0006843876243851368
0.000656750541082985
0.002729384005579416
0.013809266722141444
0.03692106635256641
0.05218646417540742
0.2760958397029539
0.40019466998880154
0.3770650724742253
0.31181653136859205
0.4632390064369153
0.31181653136859205
0.22007142848010422
0.12004028294141447
0.0846198527922431
0.10777428879354368
0.18803186020751894
0.534327289153295
0.5688704277654875
0.6209192578505349
0.5484309082870803
0.5345782569718135
0.529598409866416
0.5497426729680245
0.2235877095137368
0.11633987042479693
0.07628037281838664
0.0383482092669029
0.0040169743030444285
0.0013608055211462968
0.0010044207236565553
0.0007313666888369
0.0005095521198254942
0.00018333994436650383
3.670081527016355e-05
2.5842029542925826e-05
4.158370540949312e-05
6.905863929706567e-05
0.000792877225945585
0.0003434398430102302
0.00036413001603403515
0.0012509366552643428
0.004185332782034755
0.00395134340634344
0.006449014494575834
0.027598984875370033
0.05828002214262375
0.0931843915163479
0.14281969456031343
0.3301700151895546
0.24719485730952598
0.2778683303546699
0.21659652776832072
0.15313513519571095
0.23860072572152205
0.28383541888865726
0.43458280537468175
0.5000026712837736
0.27315972236886377
