0.2650580600113758
0.21413966679258947
0.19523059377352484
0.18103719961415113
0.29604234464047086
0.33758011596737725
0.2844371133380396
0.048676960248286875
0.01537102762897005
0.005125477038747509
0.0009708576355963556
0.0002937973125004936
4.1821945551526674e-07
4.1821945551526674e-07
4.1821945551526674e-07
4.1821945551526674e-07
4.1821945551526674e-07
4.1821945551526674e-07
4.1821945551526674e-07
4.1821945551526674e-07
4.1821945551526674e-07
4.1821945551526674e-07
4.1821945551526674e-07
4.1821945551526674e-07
4.1821945551526674e-07
4.1821945551526674e-07
4.1821945551526674e-07
4.1821945551526674e-07
1.2057306770526347e-05
4.1821945551526674e-07
4.1821945551526674e-07
0.0001562724199942784
0.00017069273747401294
0.00016338180356205767
4.1821945551526674e-07
4.1821945551526674e-07
4.1821945551526674e-07
4.1821945551526674e-07
4.1821945551526674e-07
4.1821945551526674e-07
4.1821945551526674e-07
4.1821945551526674e-07
4.1821945551526674e-07
4.1821945551526674e-07
3.85095889862212e-05
0.000663571115945747
0.00028666357850053626
0.0003028978309597897
0.0006202683771225451
0.00971131745255508
0.019365202506897154
0.005334695579377829
0.002285242314654092
0.012987961055934827
0.050788508660626765
0.04358634993802738
0.04481446375357197
0.04972323973285836
0.030848222004048173
0.0330160392731354
0.01221015252713208
0.0020652981691893623
0.0019581680828902135
0.004690789790075773
0.003984038118237572
0.0036524908640808737
0.003729111066298808
0.008414858717085034
0.01225473752907891
0.007502665649600592
0.020181868815364365
0.04345168036215149
0.019499268564331425
0.021390367810848406
0.008674214876091497
0.0013735177227402026
0.0001952345951331162
0.00028666357850053626
0.0011543434543623379
0.0006499883264002561
0.00013503107354289674
4.1821945551526674e-07
4.1821945551526674e-07
3.405007458945186e-06
0.0002076342680384362
0.0013109781930799678
0.0007166326897645051
0.0006366371509984116
0.0006202683771225451
0.006576267476927634
0.02548805399370427
0.10892456896492016
0.5080264702303243
0.5453024412147982
0.5355841901452512
0.4758712733618237
0.18320129298560142
0.01673044751631096
0.0012987729931373108
4.1821945551526674e-07
4.1821945551526674e-07
3.491836899647325e-05
0.0005854769191362672
0.009931489686731021
0.044401859634240363
0.28323463222023043
0.3228728127706396
0.5685947876166005
0.6740359169784219
0.7439740236805374
0.16927833118476
0.059322430348954555
0.0037446062340122706
4.1821945551526674e-07
4.1821945551526674e-07
4.1821945551526674e-07
4.1821945551526674e-07
4.1821945551526674e-07
4.1821945551526674e-07
4.1821945551526674e-07
4.1821945551526674e-07
4.1821945551526674e-07
4.1821945551526674e-07
4.1821945551526674e-07
4.1821945551526674e-07
4.1821945551526674e-07
4.537292195379592e-05
0.00019794574759606317
4.1821945551526674e-07
4.1821945551526674e-07
6.313036111282722e-05
0.0010240436120892652
0.04019838764322674
0.12479751134908898
0.10080541837843032
0.06883077881057774
0.08415066711865615
0.17050927347689032
0.16968788064392756
0.16562665317771288
0.21709041711630161
0.35414099906216284
0.5518514582219927
0.6339293341183468
0.5365934115577616
