0.12447575744777349
0.12192547284298613
0.143537900574149
0.07478176978846923
0.07542101455665418
0.06648636366148326
0.06439621102874266
0.014059400411394156
0.004943481619378195
0.0019669037948331796
0.001187667900179414
0.0008502304067433799
0.00048256827308419155
3.491836899647325e-05
4.1821945551526674e-07
4.1821945551526674e-07
4.1821945551526674e-07
4.1821945551526674e-07
4.1821945551526674e-07
4.1821945551526674e-07
4.1821945551526674e-07
4.1821945551526674e-07
4.1821945551526674e-07
4.1821945551526674e-07
4.1821945551526674e-07
4.1821945551526674e-07
4.1821945551526674e-07
4.1821945551526674e-07
4.1821945551526674e-07
4.1821945551526674e-07
4.1821945551526674e-07
4.1821945551526674e-07
4.1821945551526674e-07
4.1821945551526674e-07
4.1821945551526674e-07
0.00010982200617147932
0.0005493662218883016
0.0010339781423582028
0.003474307268425031
0.00023250437361164045
0.00011365817210826585
5.9539684819780406e-05
0.000520680561339854
0.0009803473280432622
0.00046181736468723316
0.00024647675643422865
0.0008977309377083141
0.0007889091340046143
0.0018559835865508225
0.00870712954159419
0.0031277941456224197
0.004395666463988848
0.002922543370001297
0.010897353990519618
0.06477210045358106
0.0931843915163479
0.03599516728023185
0.04852902673760691
0.029762592702035594
0.02235673293104294
0.012987961055934827
0.009283943655403859
0.015535452220317676
0.04121599756410664
0.03135289363471317
0.035880844467858636
0.024982791734738385
0.015590603739692241
0.009318908238402939
0.004559562564015016
0.002776575758569682
0.0018476849267502124
0.004709809456243058
0.007736864654712764
0.005776163963384573
0.0006235139684343123
0.00016579612833594138
0.0004130301013945983
0.00044921396623693265
0.0004905396802356355
0.0005178801959965072
0.000501332553446879
0.0008170420431812172
0.0006138190518854449
0.0010389764514375124
0.0004467264304891549
0.00015744354151097024
6.313036111282722e-05
4.1821945551526674e-07
0.000781023257093373
0.009318908238402939
0.04083184380133856
0.41872525331564103
0.5574443969724358
0.5612181822972911
0.560136332221023
0.23230087183158865
0.012801108195745188
0.004486057606784239
0.003101453955822812
0.03238365680801618
0.12641623544875102
0.2307452898512183
0.11756304025696844
0.047941099961797615
0.010270065200613158
0.0008460203056030955
0.0002279733441721462
0.0002528734961339983
1.016724434801614e-05
4.1821945551526674e-07
4.1821945551526674e-07
4.1821945551526674e-07
4.1821945551526674e-07
4.1821945551526674e-07
4.1821945551526674e-07
4.1821945551526674e-07
4.1821945551526674e-07
0.0002062309774104609
8.658688627788707e-05
4.796123798652165e-05
4.1821945551526674e-07
8.243940034545232e-05
0.0002020597020269302
0.0009803473280432622
0.0002992329380035534
7.210951080430608e-05
4.1821945551526674e-07
7.759167615548442e-05
0.0006170367566425887
0.003474307268425031
0.019566606044130994
0.19752252378448457
0.4459072790418441
0.5288586608886123
0.6381997521071303
0.5862800501537214
0.6095769059973051
0.5797502229759071
0.5348294312038183
0.537605906637531
0.5360883907274043
0.3777970147206065
0.321558150637198
0.07043165073320143
