0.23913133343068493
0.2493783378533944
0.20169924193082897
0.09472132607955966
0.10244367428403946
0.07628037281838664
0.06291083866415542
0.01667176081874334
0.004825381725251129
0.000781023257093373
0.00023402860621486534
0.00030106124730696775
0.0003434398430102302
4.1821945551526674e-07
4.1821945551526674e-07
7.759167615548442e-05
4.1821945551526674e-07
4.1821945551526674e-07
4.1821945551526674e-07
4.1821945551526674e-07
4.1821945551526674e-07
4.1821945551526674e-07
4.1821945551526674e-07
4.1821945551526674e-07
4.1821945551526674e-07
4.1821945551526674e-07
4.1821945551526674e-07
4.1821945551526674e-07
4.1821945551526674e-07
4.1821945551526674e-07
4.1821945551526674e-07
4.1821945551526674e-07
4.1821945551526674e-07
4.1821945551526674e-07
4.1821945551526674e-07
4.1821945551526674e-07
0.00011462861460091798
0.0003374112910335575
7.999812108526679e-05
4.1821945551526674e-07
4.1821945551526674e-07
4.1821945551526674e-07
4.1821945551526674e-07
0.00011077424712389733
0.00036201912199936194
0.0010849067501271328
0.00033541973076333656
0.0009382611694484275
0.0010694058782455772
0.0001609898722544984
0.00032365633711590086
0.0005377417627940676
0.000520680561339854
0.00015394651779406768
3.2582108786105586e-05
0.00026268996787294355
0.0002528734961339983
7.134128251298491e-05
4.1821945551526674e-07
1.0636248147226564e-05
4.1821945551526674e-07
4.1821945551526674e-07
4.1821945551526674e-07
4.1821945551526674e-07
4.1821945551526674e-07
9.236195326068331e-06
0.00015510675328657192
0.00024806501272491634
4.1821945551526674e-07
4.1821945551526674e-07
4.1821945551526674e-07
0.0009947311293911074
0.0010191072348358014
0.002285242314654092
4.1821945551526674e-07
4.1821945551526674e-07
4.1821945551526674e-07
4.1821945551526674e-07
4.1821945551526674e-07
4.1821945551526674e-07
4.1821945551526674e-07
4.1821945551526674e-07
4.1821945551526674e-07
4.1821945551526674e-07
4.1821945551526674e-07
4.1821945551526674e-07
4.1821945551526674e-07
4.1821945551526674e-07
4.1821945551526674e-07
4.1821945551526674e-07
4.1821945551526674e-07
0.0015203641295567913
0.009495493432057115
0.03907933478126834
0.027327086752614912
0.011729113466902747
0.0004799343621142991
0.00022350420217859162
4.409752831835428e-05
0.0009245808409419406
0.002149019766305547
0.003101453955822812
0.007502665649600592
0.0362247518875326
0.05691412873436788
0.08820767805315224
0.10299453041210604
0.023047880477860005
0.023203975309233977
0.05810779295747137
0.04664033219173955
0.0668724081258263
0.026002177860708103
0.001079718382396084
4.1821945551526674e-07
4.1821945551526674e-07
4.1821945551526674e-07
4.1821945551526674e-07
4.1821945551526674e-07
4.1821945551526674e-07
4.1821945551526674e-07
4.1821945551526674e-07
4.1821945551526674e-07
4.1821945551526674e-07
4.1821945551526674e-07
4.1821945551526674e-07
4.1821945551526674e-07
4.1821945551526674e-07
4.1821945551526674e-07
4.1821945551526674e-07
4.1821945551526674e-07
9.236195326068331e-06
0.0009995658363664576
0.008974473819920836
0.02297017706119158
0.01877185195873121
0.014940036273039907
0.01038517966287051
0.011815305553728974
0.03715570951971852
0.12224195775284959
0.3105333951126175
0.4904408267868816
0.537605906637531
0.4582449286911855
