0.13036938936171458
0.12035285228990268
0.1225590982736464
0.07226951542029098
0.07165251954748013
0.051873028618202185
0.04121599756410664
0.015757094583891015
0.011223562021395761
0.0057079305489756834
0.0023154105509331363
0.0016505770507984992
0.0010849067501271328
0.001274659386318895
0.00024019577330216922
0.0002076342680384362
0.00023250437361164045
2.8044755520704956e-05
4.1821945551526674e-07
4.1821945551526674e-07
4.1821945551526674e-07
4.1821945551526674e-07
4.1821945551526674e-07
4.1821945551526674e-07
4.1821945551526674e-07
4.1821945551526674e-07
4.1821945551526674e-07
4.1821945551526674e-07
4.1821945551526674e-07
4.1821945551526674e-07
0.00010699220717677692
0.0003159885181265808
0.00016338180356205767
0.0001493594193483699
7.210951080430608e-05
4.1821945551526674e-07
1.1107585893406713e-05
7.210951080430608e-05
2.3148859973065797e-05
4.1821945551526674e-07
4.1821945551526674e-07
4.1821945551526674e-07
4.1821945551526674e-07
4.1821945551526674e-07
4.1821945551526674e-07
8.408650382495522e-05
5.397211174822401e-05
3.5509614705562055e-05
4.1821945551526674e-07
0.0013048631504227427
0.004983418304291585
0.002752889821388912
0.002776575758569682
0.002776575758569682
0.008069521298525523
0.009076595141458685
0.0073311854962891726
0.010697770952808825
0.004943481619378195
0.002056176595653847
0.0005611947065115004
0.0004393293094757356
0.0004878708852915705
0.0004130301013945983
0.00028843492427793436
0.00024175527353689227
0.00012663863619487018
8.080798729546087e-05
1.5951746064151342e-05
4.1821945551526674e-07
4.1821945551526674e-07
0.00011462861460091798
0.00031409303892000344
0.0008758670369851418
0.0017192872896510238
3.2582108786105586e-05
4.1821945551526674e-07
4.1821945551526674e-07
4.1821945551526674e-07
4.1821945551526674e-07
4.1821945551526674e-07
4.1821945551526674e-07
4.1821945551526674e-07
4.1821945551526674e-07
7.838998272353152e-05
0.0003992159717088013
0.00028490023520555223
9.343237658118814e-05
4.1821945551526674e-07
0.0014654487649789815
0.0063987318396557715
0.028428803371548576
0.23230087183158865
0.4402219970523379
0.29852759370412507
0.23596067697839662
0.08627896084981332
0.01877185195873121
0.006864143201927446
0.0009755925812878291
0.0002294767719938451
0.00021331249449299235
0.0005671864815479923
0.0026371375840361514
0.0029726968575182616
0.008414858717085034
0.017206519135391566
0.01038517966287051
0.009857611200204496
0.011989374694640025
0.004923620725750318
0.005529480766246566
0.005463857926285648
0.002558709374389707
0.00011855659456442669
4.1821945551526674e-07
4.1821945551526674e-07
4.1821945551526674e-07
4.1821945551526674e-07
4.1821945551526674e-07
4.1821945551526674e-07
4.1821945551526674e-07
4.1821945551526674e-07
4.1821945551526674e-07
4.1821945551526674e-07
4.1821945551526674e-07
4.1821945551526674e-07
5.603214164861691e-06
4.1821945551526674e-07
4.1821945551526674e-07
0.002083648922144672
0.014059400411394156
0.18363647558323448
0.24072836307072484
0.257691815955352
0.137522891289835
0.03810711979177234
0.019974925367623454
0.013611998240669197
0.013272763239037326
0.02004369910998198
0.04057744486491351
0.07226951542029098
0.06364990083383339
0.02448626628116568
